75.0
34.0
5.0
49.0 0.0
2.0 8.0
31.0
8.0 2.0
1.0 4.0
20.0
53.0
21.0 8.0
25.0
21.0
22.0
0.0 22.0 26.0
1.0 66.0
70.0 37.0
25.0
52.0
0.0 8.0 26.0 17.0 6.0
25.0
28.0 8.0 6.0
2.0
39.0 8.0
34.0
0.0
19.0 6.0
8.0
25.0
34.0 6.0 17.0
62.0
81.0 19.0
11.0
37.0
14.0 14.0
4.0
46.0
79.0
7.0 17.0 3.0 14.0
22.0 6.0
45.0 6.0 8.0
8.0 27.0 22.0 33.0
30.0
2.0 11.0
17.0
0.0 0.0
33.0 53.0 18.0
71.0
34.0
33.0
1.0 6.0
77.0 7.0 31.0 25.0 47.0
2.0
3.0 1.0 17.0 6.0
6.0 30.0
40.0 6.0 0.0 47.0
2.0 2.0
44.0 6.0 24.0
38.0
6.0
7.0 0.0
31.0
10.0 31.0 23.0
24.0 6.0 5.0
68.0
17.0
61.0 60.0
4.0 47.0
35.0
0.0 31.0
56.0
5.0
7.0 51.0
34.0
39.0 22.0
24.0 8.0
31.0
31.0
18.0
6.0
23.0 23.0
41.0 21.0 15.0
18.0
1.0
2.0 6.0
2.0
45.0
37.0
18.0
9.0 33.0
32.0 9.0 4.0 6.0
39.0 2.0 8.0
58.0
13.0 0.0
60.0 42.0 44.0
37.0
53.0
14.0
23.0
4.0
78.0 2.0
39.0 34.0
2.0 25.0 6.0
74.0
3.0 6.0 22.0 31.0
10.0 0.0 6.0
42.0
57.0 9.0 2.0
67.0
29.0 36.0
20.0
8.0
1.0 8.0
26.0
50.0
73.0 5.0
47.0
5.0 26.0
66.0 26.0
41.0
11.0
8.0
63.0
3.0 6.0
0.0
18.0
42.0
45.0
25.0
59.0
69.0
9.0 9.0 49.0
10.0 2.0
13.0
36.0
80.0 34.0
17.0
5.0
6.0
23.0
72.0
26.0
0.0 6.0
21.0
15.0
6.0
53.0
12.0
27.0
7.0 18.0
64.0
18.0
21.0
1.0 2.0
2.0 25.0
4.0
71.0
19.0 22.0
12.0
19.0
8.0
34.0
52.0
34.0 50.0 26.0
16.0
36.0 55.0
0.0
15.0
54.0
37.0
76.0 11.0
0.0
10.0
48.0
46.0
43.0
52.0 2.0
6.0 23.0
65.0 5.0
31.0
4.0 37.0 40.0 5.0
0.0 26.0
9.0
26.0
24.0
