39.0
23.0
14.0 24.0
11.0 0.0
13.0 0.0
1.0
5.0 61.0
8.0 8.0 3.0
32.0
13.0
50.0 5.0
2.0 40.0 55.0
31.0
12.0
0.0 11.0 61.0
3.0 3.0 13.0
9.0 7.0
82.0 0.0 77.0
60.0
0.0 21.0 23.0
54.0 44.0
8.0 52.0
5.0
52.0 12.0
0.0
0.0 29.0
57.0 1.0
0.0
42.0
13.0 42.0 5.0
80.0
78.0 41.0
34.0 13.0
5.0
52.0 1.0 34.0
4.0
42.0
26.0
7.0 1.0 23.0
1.0 49.0
19.0 13.0
13.0 5.0 36.0
43.0 48.0
5.0
1.0 42.0
0.0
13.0
57.0
27.0
27.0 6.0
3.0 13.0 27.0 20.0
28.0 7.0 57.0
5.0
3.0 16.0 56.0
0.0 52.0
21.0 7.0 27.0
5.0
15.0 31.0 8.0 5.0
67.0
8.0
1.0 47.0 0.0
14.0
2.0 1.0
15.0 14.0 8.0
38.0
21.0
71.0 5.0
4.0 7.0
40.0
0.0 24.0
56.0 54.0
14.0 8.0
44.0
12.0
12.0
74.0 0.0
42.0
24.0
43.0 60.0
1.0
45.0 31.0
57.0 51.0
66.0
3.0
5.0 1.0
25.0 18.0
22.0 42.0
76.0
48.0
10.0 61.0
46.0 4.0 27.0 14.0
12.0 5.0
47.0
6.0 16.0 0.0
77.0
24.0 43.0 40.0
58.0 25.0 5.0
1.0
25.0
8.0
36.0
39.0
5.0 44.0 81.0
75.0 5.0
16.0 21.0 13.0 24.0
43.0 8.0 0.0
25.0
53.0 10.0
34.0
35.0 53.0
72.0
48.0
3.0 26.0
9.0
47.0
32.0
55.0
14.0
73.0 13.0
58.0
72.0 5.0
0.0 24.0
79.0
16.0
0.0 69.0
45.0
20.0 0.0
43.0
52.0
62.0
59.0
10.0 14.0
2.0
6.0
22.0
51.0 9.0 0.0
23.0
34.0
8.0 13.0 3.0
46.0
65.0
1.0
0.0
14.0
11.0
8.0
31.0
17.0
42.0
37.0
63.0
20.0
20.0
3.0 5.0
5.0 55.0
9.0
70.0 0.0 5.0
60.0
17.0
61.0
5.0
21.0
27.0 45.0
61.0
41.0 8.0
64.0
0.0
54.0
8.0 51.0
21.0
68.0
0.0
2.0
69.0
33.0
61.0
13.0 5.0
1.0 53.0 13.0
37.0 14.0
1.0
4.0 14.0 61.0
6.0 0.0 11.0 30.0 5.0
24.0
24.0
50.0
