81.0 22.0
3.0
3.0 22.0
36.0 0.0 39.0
10.0 6.0
18.0
6.0 45.0 5.0
12.0 1.0 55.0
37.0
58.0
6.0
19.0 50.0 39.0
25.0
44.0
0.0 44.0
1.0 34.0
25.0 13.0 45.0
42.0 6.0
47.0
0.0 6.0 7.0 22.0
5.0 20.0
20.0
5.0
28.0 41.0
6.0
0.0
7.0
6.0 32.0
25.0
63.0 18.0
57.0
60.0 37.0 3.0
34.0 45.0
36.0
64.0 30.0 7.0
2.0
39.0
76.0
11.0 18.0 7.0
7.0 19.0
63.0 20.0
6.0 77.0 7.0 34.0
61.0
5.0 21.0
18.0 0.0 46.0
0.0 6.0 24.0
20.0 20.0
54.0
17.0
39.0
1.0 7.0 1.0 19.0
19.0 24.0 1.0
5.0 28.0
8.0 1.0
40.0 6.0
11.0 7.0 24.0 5.0 24.0
5.0
16.0 39.0
80.0
7.0 37.0
7.0 24.0
30.0
10.0 23.0 18.0
16.0 3.0
66.0
18.0
32.0
2.0 32.0
73.0
0.0 19.0
71.0
26.0
23.0 10.0
0.0
28.0 12.0
35.0 6.0
25.0
31.0
28.0 23.0
40.0
37.0
64.0
52.0
1.0
40.0 30.0
5.0
18.0 18.0
13.0 38.0 66.0
51.0 49.0
4.0
72.0 4.0 2.0 4.0 28.0 26.0
28.0 5.0
6.0
9.0 0.0
41.0 40.0 38.0
14.0
29.0 64.0 25.0
7.0
18.0
16.0
69.0 5.0 29.0 50.0
48.0 30.0
5.0 19.0
70.0 69.0
8.0 20.0 19.0
3.0 0.0 13.0 7.0
53.0
4.0 50.0 11.0
61.0
34.0 22.0
74.0
20.0
1.0 6.0
25.0
68.0
59.0 3.0
24.0
3.0
56.0 22.0 24.0
43.0
39.0
6.0
79.0
8.0
0.0
41.0
29.0 0.0
1.0
44.0
31.0
27.0 6.0
4.0 4.0 20.0 36.0
48.0 10.0
9.0
6.0
21.0 6.0
11.0
7.0
7.0
57.0
48.0
0.0
0.0
6.0 30.0
47.0
7.0
39.0
15.0
30.0
32.0 48.0
75.0
64.0 37.0
57.0
1.0 22.0
6.0 2.0 6.0
77.0
65.0
33.0 10.0
15.0 13.0 1.0 1.0
17.0
19.0
42.0
22.0
45.0
62.0 50.0 20.0
78.0
24.0
67.0
46.0
10.0
55.0 8.0 34.0
0.0
10.0
13.0
53.0
38.0
30.0
7.0 23.0
26.0 37.0
18.0
2.0 3.0
54.0 0.0 9.0 33.0
8.0
29.0
30.0
