1 1 5 5 4 4 0 1 1 0 0 0 0 0 5 5 0 0 4 0 0 0 1 1 3 1 3 3 4 0 2 0 0 0 7 2 0 5 1 1 1 3 3 3 5 5 2 2 2 2 2 4 4 0 0 5 5 5 1 3 5 5 2 2 2 3 0 7 0 0 0 0 0 0 2 2 1 5 2 2 2 5 2 8 5 2 1 1 0 7 0 6 5 5 3 2 5 0 1 0 0 2 3 0 1 1 0 0 0 0 0 8 0 4 4 5 0 0 0 0 0 0 0 0 3 8 1 1 2 2 0 7 0 0 0 0 0 4 3 0 0 0 0 5 5 5 5 5 4 4 4 4 7 0 0 0 0 0 0 0 0 3 3 3 0 3 1 4 4 4 4 4 0 3 5 5 4 4 4 3 4 4 0 0 3 0 0
1 1 1 1 2 1 0 1 1 1 1 1
4 7 1 1 2 2 2 1 2 2 2 2 7 5 5 6 4 6 4 0 2 7 0 0 0 0 3 0 0 0 2 2 5 3 1 1 2 2 2 2 0 0 0 0 1 2 3 3 4 2 3 1 2 7 1 1 0 0 0 0 0 0 0 3 5 0 0 2 0 5 4 0 5 3 5 2 4 2 4 5 1 3 3 8 5 4 4 1 0 4 0 0 4 3 0 3 2 3 2 4 4 4 2 2 3 3 4 2 3 2 2 5 7 0 0 3 0
2 2 2 2 2 5 5 1 5 1 1 0 0 5 1 1 0 0 4 0 4 4 4 2 5 2 4 4 1 1 1 1 1 1 0 0 0 0 4 4 2 0 0 2 2 4 4 4 5 2 2 2 2 2 2 0 0 0 0 0 0 0 0 2 3 3 4 3 1 1 2 0 0 1 5 5 4 3 2 1 4 4 0 2 0 1 5 4 4 2 2 5 5 0 0 1 1 2 4 3 5 5 4 4 4 4 2 2 3 5 5 0 2 0 0 2 4 4 1 0 0 0 3 0 3 2 0 5 4 4 4 4 4 4 4 1 5 0 2 4 4 4 1 4 4 4 4 0 0 0 4 4 3 2 1 2 4 2 2 2 0 2 5 0 4 4 3 2 0 1 4 1
1 0 0 1 0 0 0 3 0 2 0 0 0 0 0 0 0 0 0 0 2 3 0
1 0 0 0 1 0 0 0 0 1 1 1 1 0 0 0 1 1 1 1 1 1 1 2 0 0 0 0 0 0 0 0 0 0 1 1 0 0 0 0 0 0 0 0 0 0 1 1 0 0 0 0 0 0 0 0 0 1 0 0 0 1 0 0 0 0 0 0 0 0 0 0 0 1 0 0 0 0 0 0 1 1 0 1 1 1 0 0
0 0 0 0 0 0 0 0 0 0 0 0 0 0 0 0 0 0 0 0 0 0 0
1 4 0 0 0 0 0 2 0 3 0 0 0 0 0 1 0 1 0 0 5 5 5 2 3 0 0 3 0 0 0 1 5 0 5 0 5 0 0
0 0 1 0 1 1 1 1 2 2 0 2 1 1 1 0 0 0 0 0 0 0 1 1 1 1 0 0 3 0 0
0 1 0 0 0 1 0 0 1 1 1 1 1 0 1 1 1 1 1 0 0 0 0 0 1 0 1 0 0 0 0
0 0 1 0 0 0 1 0 0 0 0 1 0
0 2 1 3 3 1 0 0 1 0 0 0 0
0 3 6 1 1 0 0 0 1 1 3 1 4 2 0 0 0 2 2 0 1 3 3 2 1 3 5 2 1 1 1 0 0 0 2 2 2 2 0 0 2 2 1 1 3 1 1 2 3 0 1 3 2 1 1 2 5 2 1 3 1 1 1 2 0 0 1 2 0 0 3 1 3 2 1 0 0 1 1 3 1 1 1 1 2 3 1 2 0 1 0
0 1 0 0 0 0 0 0
1 0 2 0 0 3 0 0 0 0 2 2 2 0 0 0 2 2 0 2 2 2 2 2 0 1 2 1 2 2 0 2 0 0 0 2 2 2 0 2 0 2 2 2 0
1 1 0 0 2 0 0 0 0 0 2 0 1 1 2 0 0 1 1 0 0 0 1 1 1 1 1 0 1 0 1 0 0 0 1 0 0 1 0 1 0 2 0 0
0 0 0 0 0 0 0 0 0 1 0 2 0
3 0 0 1 0 0 0 2 0 1 0 0 0 0 2 1 1 3 4 0 0 3 2 1 1 0 0 1 1 2 0
1 1 1 1 4 2 2 4 4 4 4 0 4 4 4 2 2 2 2 4 0 2 2 2 2 2 3 3 0 0 4 1 1 3 4 2 4 4 0 4 2 1 5 0 1 6 3 4 4
6 6 6 7 9 9 9 2 10 12 12 5 5 5 13 14 0 3 3 3 10 5 14 0 0 0 0 0 0 0 0 0 0 0 0 0 0 7 7 11 1 8 4 5 4 9 3 3 8 0 3 9 9 11 1 5 0 7 10 6 4 4 11 11 17 6 6 1 3 8 9 1 1 1 1 9 9 5 1 0 10 10 3 3 0 0 1 10 0 0 0 0 0 4 4 6 2 2 2 3 3 16 3 3 1 1 9 4 16 10 5 8 3 8 5 5 7 7 1 0 0 2 2 1 10 5 5 6 3 0 1 3 2 2 14 0 7 7 0 0 0 6 6 0 0 1 0 0 0 4 7 1 5 10 11 11 6 9 14 1 5 0 0 4 4 3 3 4 4 3 11 11 14 4 4 1 11 8 8 2 9 8 0 0 0 0 4 0 0 9 10 7 0 0 2 3 2 3 4 6 6 6 10 10 10 10 10 10 10 10 2 3 4 6 6 6 7 8 1 10 9 3 6 5 9 4 4 4 1 1 1 15 10 10 1 4 4 9 1 2 7 6 7 9 9 0 9 4 0 9 0 0 5 3 2 0 10 10
