29.0 104.0 0.0 25.0 2.0 1.0
43.0 20.0 31.0
27.0 46.0 0.0 24.0
120.0 1.0 0.0 0.0 58.0
126.0 20.0 0.0
10.0 0.0 24.0 0.0
17.0 31.0
0.0 7.0 7.0 2.0 20.0 69.0
51.0 58.0 0.0 0.0
8.0
18.0 0.0
20.0 30.0 0.0
13.0 25.0 0.0 0.0 7.0 0.0
23.0 0.0 7.0
132.0 0.0 0.0 0.0
38.0 16.0 5.0 1.0
22.0 1.0 4.0
1.0 26.0 0.0 44.0 17.0
146.0 12.0 0.0 1.0 75.0 0.0
148.0 34.0 31.0 5.0 85.0 0.0 95.0
48.0 20.0 0.0
12.0 2.0
149.0 0.0
1.0 48.0 0.0 39.0 0.0 0.0
134.0 100.0 57.0 11.0 0.0 65.0 12.0 32.0
0.0 86.0
7.0 4.0 0.0 0.0
1.0 56.0 0.0
71.0 29.0 0.0 29.0
41.0 5.0 31.0 0.0
93.0 104.0 2.0 95.0 0.0
1.0 56.0 0.0 0.0 57.0
21.0 1.0 0.0 46.0
85.0 0.0 32.0
1.0 7.0 0.0 77.0
6.0 23.0 0.0 17.0 17.0 102.0 0.0
1.0 40.0
25.0 20.0 13.0 11.0 0.0 114.0
144.0 0.0 33.0
118.0 61.0 60.0 74.0 0.0 54.0
13.0 64.0 0.0
51.0 1.0 24.0 0.0
35.0 94.0 4.0 0.0
0.0 1.0 0.0
92.0 46.0 31.0 0.0 28.0 68.0 0.0 87.0 0.0
66.0 0.0
2.0 0.0 50.0 0.0
4.0 1.0 0.0 0.0
55.0 41.0 24.0 0.0 1.0 17.0 0.0 0.0 24.0 100.0
19.0 156.0 32.0 62.0 0.0 1.0 1.0 20.0
15.0 115.0 19.0 32.0 1.0 20.0 7.0 0.0 31.0 0.0 58.0
87.0 1.0 0.0 0.0 0.0
122.0 20.0 97.0 0.0
25.0 1.0
7.0 26.0 59.0 0.0
71.0 13.0 3.0 4.0 0.0 70.0
1.0 117.0 0.0
56.0 31.0 0.0 31.0
54.0 0.0 0.0
38.0 31.0 0.0
117.0 0.0 28.0 56.0
103.0 29.0 0.0 126.0 0.0 72.0
32.0 88.0 5.0 0.0 23.0
2.0 82.0 0.0 32.0
15.0 129.0 32.0 1.0 58.0 2.0 0.0 13.0 24.0
47.0 0.0 0.0
65.0 24.0 0.0
22.0 0.0 7.0 2.0 0.0 0.0 13.0 26.0
9.0 43.0 31.0
12.0 0.0 33.0 20.0
23.0 24.0 9.0 18.0 83.0 31.0 0.0
135.0 32.0 19.0 0.0 62.0 52.0 13.0 92.0 1.0 24.0 12.0
22.0 50.0
107.0 2.0 0.0 20.0 0.0 0.0
106.0 0.0 31.0
58.0 2.0 0.0 31.0 24.0 85.0
96.0 0.0 2.0 73.0 32.0
73.0 1.0 2.0 0.0 1.0
20.0 0.0
11.0 31.0 47.0 23.0 28.0 5.0 0.0
2.0 0.0
59.0 31.0 116.0 5.0 31.0
17.0 23.0 0.0 19.0
19.0 20.0 26.0 7.0
44.0 31.0 0.0
63.0 2.0 0.0
80.0 31.0 0.0
14.0 1.0
67.0 0.0
49.0 0.0 0.0
28.0 150.0 5.0 39.0 17.0 0.0 28.0
7.0 71.0 30.0 0.0 24.0
26.0 17.0
99.0 0.0 1.0
68.0 0.0 31.0 0.0 1.0 17.0
19.0 1.0 31.0
12.0 86.0
59.0 31.0 0.0 43.0
159.0 0.0 1.0 0.0 43.0
64.0 1.0
8.0
3.0 31.0 0.0 31.0 79.0
123.0 10.0 0.0 0.0 49.0 65.0 47.0
142.0 3.0 141.0 32.0 0.0 65.0 33.0 86.0 5.0
18.0
81.0 55.0 31.0 0.0
33.0 36.0 0.0 20.0 0.0 0.0
7.0 0.0 0.0
57.0 22.0 13.0 4.0 7.0 0.0
30.0 3.0 20.0 0.0 0.0
110.0 34.0 111.0 5.0 54.0 31.0 7.0 0.0 0.0 96.0
158.0 0.0 0.0 61.0
51.0 1.0 0.0 31.0
121.0 0.0 60.0
26.0 0.0 31.0 91.0
133.0 31.0 20.0
22.0 4.0 0.0
21.0 1.0 0.0 32.0 59.0
143.0 70.0 0.0 104.0
114.0 0.0 27.0 0.0
127.0 89.0 76.0 0.0 2.0 80.0 0.0
33.0 0.0 1.0
1.0 91.0 0.0 0.0
2.0 0.0 1.0
24.0
131.0 45.0 46.0 0.0 0.0 31.0
70.0 65.0 0.0 42.0
119.0 31.0 0.0 11.0 0.0 17.0 0.0 4.0
33.0 12.0 57.0 0.0
60.0 109.0 108.0 69.0 0.0 17.0
0.0 2.0 12.0 0.0 103.0
151.0 4.0 7.0 0.0
21.0 1.0 0.0 2.0 25.0
47.0 17.0 0.0 31.0 104.0 7.0
72.0 50.0 0.0 43.0
36.0 5.0 0.0 0.0
139.0 20.0 53.0 0.0 6.0 0.0 31.0 0.0 0.0 0.0
79.0 0.0 63.0 0.0 0.0 1.0
153.0 0.0 0.0
102.0 20.0 45.0 0.0 4.0 0.0
12.0 1.0
37.0 84.0
152.0 31.0 0.0 54.0
11.0 31.0 28.0 0.0 20.0 31.0 43.0
165.0 35.0 0.0
0.0 101.0 58.0
147.0 0.0 20.0 0.0 54.0 4.0 17.0
42.0 136.0 31.0 31.0 17.0 5.0 0.0 16.0 0.0 0.0 2.0 0.0
112.0 0.0 17.0
140.0 17.0 9.0 91.0 53.0 0.0
23.0 99.0 17.0
100.0
37.0
5.0 38.0 77.0 22.0
4.0 13.0 0.0 1.0 105.0 0.0 45.0
78.0 19.0
16.0 28.0 17.0 0.0 31.0 7.0 66.0 31.0
48.0 38.0 0.0 95.0 17.0
12.0 145.0 0.0 79.0 3.0
97.0 1.0 0.0 1.0 0.0 29.0 4.0
128.0 0.0 1.0 5.0 25.0 0.0
25.0 0.0 0.0
4.0 12.0 5.0 7.0
66.0 61.0 0.0 0.0 31.0 10.0 70.0
157.0 0.0 67.0 49.0 3.0 7.0 36.0 54.0
31.0 164.0 39.0 83.0 0.0 163.0 13.0 23.0 40.0
40.0 0.0 49.0 29.0 1.0 60.0 0.0 0.0
73.0
21.0 0.0 2.0
24.0
11.0 17.0 0.0
6.0 125.0 9.0 24.0 28.0 5.0 0.0 31.0 0.0 16.0
4.0 37.0
90.0 40.0 0.0 0.0
33.0 0.0
7.0 57.0 0.0 0.0 1.0
154.0 66.0 155.0 80.0 5.0 31.0 0.0 105.0 84.0 58.0
160.0 0.0
50.0 1.0 0.0 85.0
20.0 0.0
25.0 20.0 0.0
13.0 29.0
17.0 65.0 0.0 28.0
56.0 1.0 31.0 1.0
58.0 0.0 124.0 1.0 2.0
55.0 31.0 17.0
23.0 42.0 10.0 0.0
30.0 95.0 0.0 0.0
86.0 31.0 0.0
138.0 137.0 84.0 0.0 69.0 120.0 2.0
45.0 0.0 0.0 31.0
79.0 31.0 0.0 0.0
32.0 2.0 33.0 0.0 31.0 47.0 0.0
22.0 7.0 31.0 20.0 0.0
39.0 17.0 38.0 2.0
113.0 5.0 0.0 1.0 26.0 1.0 30.0 31.0 0.0 28.0 65.0
35.0 49.0 0.0 4.0 31.0
124.0 58.0 0.0 0.0
98.0 17.0 18.0 28.0
25.0 45.0 2.0
75.0 0.0 0.0 5.0 32.0
158.0 0.0
130.0 31.0 31.0
94.0
58.0 43.0
8.0 31.0 5.0
116.0 0.0 30.0 0.0 71.0
3.0 40.0 0.0 2.0 0.0 42.0
47.0 5.0 31.0
14.0 1.0
30.0 53.0 0.0 20.0 81.0 4.0 32.0
72.0 31.0
37.0 32.0 18.0
162.0 0.0 57.0 70.0 1.0
1.0 93.0 0.0 26.0 1.0
5.0 17.0 19.0 0.0 0.0 25.0 0.0
82.0 90.0 69.0 0.0
166.0 0.0 0.0 122.0
101.0 57.0 0.0 20.0 0.0
4.0 7.0 0.0
44.0 38.0 23.0 0.0
28.0 77.0 161.0 31.0 39.0 11.0 0.0
43.0 6.0 23.0 24.0 0.0 17.0 5.0 0.0
6.0 24.0 5.0 121.0 0.0 0.0 17.0 58.0
29.0 27.0 0.0 0.0 91.0 31.0 35.0 2.0 19.0
1.0 52.0 0.0 116.0
14.0 1.0 0.0
44.0 37.0
88.0 4.0 0.0
