20.0 37.0 21.0 0.0 21.0
129.0 60.0 0.0 22.0 22.0
68.0 28.0 21.0 21.0
14.0 13.0 21.0 13.0 0.0 21.0 38.0 0.0 0.0
133.0 98.0 21.0
83.0 21.0 10.0 58.0 0.0 12.0
15.0 15.0 22.0
30.0 25.0 21.0 0.0 21.0
75.0 23.0 4.0 0.0 43.0 47.0
29.0 2.0 19.0
38.0 21.0
19.0 0.0 106.0 84.0
71.0 16.0 21.0
17.0 22.0 0.0
104.0 21.0 103.0 79.0
47.0 15.0 22.0 0.0 34.0
12.0 58.0 13.0
13.0 0.0 58.0
8.0 150.0 0.0
154.0 155.0 22.0 21.0 21.0 66.0 76.0 18.0 99.0
74.0 21.0 51.0 21.0 42.0
8.0
63.0 21.0 0.0 25.0
74.0 0.0 13.0 30.0 58.0
130.0 35.0 49.0 0.0 15.0 21.0
53.0 0.0 72.0 133.0
30.0 12.0 12.0 0.0
25.0 13.0 0.0 13.0 0.0
136.0 20.0 7.0 0.0 21.0 21.0
26.0 22.0 21.0 21.0
0.0 93.0
13.0 0.0 99.0 22.0
21.0 13.0 0.0 8.0
80.0 21.0 0.0 22.0 0.0
13.0 0.0 9.0 22.0 16.0
3.0 53.0 17.0 0.0 5.0 17.0
13.0 0.0 0.0
61.0 16.0 19.0 62.0 10.0 111.0
160.0 19.0 0.0 21.0 12.0 37.0
103.0 138.0 21.0 0.0 46.0 7.0 0.0
24.0
143.0 0.0 13.0
39.0 91.0 10.0
0.0 55.0 87.0 0.0
132.0 3.0 131.0 22.0 0.0 0.0 21.0 0.0
82.0 14.0 0.0
0.0 39.0 50.0 52.0 21.0
13.0 12.0 0.0 0.0
67.0 26.0 10.0 21.0 0.0 0.0 21.0 7.0 50.0
129.0 5.0 0.0 18.0 49.0 62.0 22.0 110.0
62.0 5.0 48.0 35.0 0.0 0.0 88.0 13.0 22.0 8.0 19.0 31.0
61.0 13.0 0.0 22.0 5.0
52.0 21.0 0.0
13.0 27.0 13.0 0.0
30.0 12.0 0.0 12.0 0.0
164.0 16.0 19.0 14.0
13.0 0.0 158.0
36.0 22.0 15.0
7.0 21.0 67.0
121.0 22.0
93.0 21.0
107.0 21.0 0.0 20.0
92.0 21.0
72.0 0.0 8.0
35.0 105.0 5.0 8.0 5.0 63.0 0.0 62.0 19.0 12.0 10.0
54.0 0.0
115.0 15.0 10.0 0.0 78.0 22.0
12.0 0.0 25.0 21.0 21.0 0.0
6.0 22.0 10.0
8.0 23.0 21.0 19.0 0.0 22.0
17.0 10.0 22.0 0.0
108.0 5.0 110.0 37.0 111.0 0.0 22.0 18.0
55.0 15.0 145.0 10.0 60.0
141.0 21.0 0.0 68.0 0.0
95.0 21.0 21.0 21.0 0.0
4.0 0.0 12.0 27.0 0.0
137.0 0.0
13.0 89.0 0.0 0.0 45.0 53.0
19.0 0.0 21.0
156.0 22.0 1.0 17.0 15.0 63.0
39.0 0.0 21.0 9.0
40.0 22.0 10.0 76.0
17.0 15.0 22.0 0.0
18.0 19.0 0.0 9.0 0.0
17.0 133.0 22.0 21.0
28.0 7.0 0.0 0.0
77.0 0.0 22.0 0.0 21.0 95.0 93.0 0.0
9.0 13.0 4.0
56.0 21.0 0.0 139.0
76.0 21.0 0.0
11.0 112.0 22.0 0.0 15.0 22.0
19.0 12.0 18.0 0.0
32.0 76.0 63.0 0.0 21.0 13.0
57.0
94.0 21.0 13.0 0.0 39.0
13.0 32.0
8.0 50.0 0.0
40.0 21.0 22.0 84.0 13.0
50.0 0.0
24.0 25.0 13.0
29.0 71.0
163.0 22.0 58.0 2.0 0.0 47.0
69.0 0.0 21.0 1.0 22.0 6.0 22.0 22.0 0.0 21.0 88.0
117.0 118.0 37.0 0.0 5.0 21.0 32.0 19.0 51.0
38.0 19.0
98.0 15.0 0.0 22.0
23.0 19.0 21.0 51.0 10.0
25.0 0.0 12.0 65.0
12.0 25.0 16.0 21.0 12.0 22.0 14.0 0.0
44.0 19.0
31.0 159.0 7.0 22.0 21.0 37.0 0.0 65.0 63.0 22.0 91.0 22.0 13.0 101.0
66.0 21.0 0.0
13.0 74.0 0.0 21.0 18.0 21.0
106.0 0.0 21.0 21.0
18.0 32.0 97.0 32.0 21.0 0.0 21.0
41.0 32.0 22.0
12.0 16.0 0.0 16.0 79.0
27.0 0.0 13.0 21.0 22.0 0.0
167.0 16.0 0.0
162.0 0.0 19.0 21.0 14.0 0.0
169.0 42.0 168.0 21.0 55.0 0.0 50.0 9.0 90.0 43.0
32.0 0.0
44.0 13.0 21.0 0.0
39.0 0.0 13.0 21.0
10.0 21.0
120.0 119.0 21.0 0.0 22.0 22.0
78.0 21.0 72.0 23.0
147.0 65.0 0.0 0.0 21.0
8.0 21.0 13.0
100.0 99.0 21.0 65.0 22.0 21.0 21.0
8.0 0.0
12.0 25.0 0.0 0.0 22.0
71.0 13.0 0.0 0.0 0.0 22.0
54.0 22.0 22.0
5.0 73.0 21.0 69.0
51.0 18.0 0.0 22.0
152.0 19.0 22.0 69.0 21.0 22.0 0.0 22.0
135.0 0.0 0.0 21.0 106.0
102.0 21.0
90.0 12.0 0.0 19.0 21.0 0.0 31.0
8.0 73.0
2.0
81.0 7.0 21.0 0.0 76.0 22.0 34.0 22.0
15.0 0.0 10.0 16.0
113.0 39.0
96.0 0.0 4.0 13.0
64.0 21.0 107.0 65.0 0.0
140.0 139.0 21.0 22.0 22.0 15.0 46.0 15.0 21.0
45.0 0.0 21.0 22.0 16.0
146.0 66.0 33.0 21.0 15.0 19.0 10.0 22.0 0.0 38.0
17.0 101.0
70.0 0.0
2.0
47.0 22.0 15.0 66.0
12.0 21.0 16.0 0.0 21.0 51.0
116.0 21.0 0.0 10.0
153.0 17.0 3.0 0.0 21.0 22.0 32.0 21.0 76.0 32.0 22.0
32.0 0.0
8.0 114.0 21.0 0.0 96.0 83.0 57.0 43.0 22.0
13.0 75.0 12.0 0.0
134.0 16.0 21.0 61.0 0.0
43.0 21.0 0.0 63.0 0.0 21.0 71.0 19.0
12.0 73.0 10.0
46.0 30.0 21.0 69.0 49.0 0.0
86.0 56.0 21.0 21.0 0.0 16.0 14.0 21.0 0.0
126.0 127.0 128.0 34.0 22.0 0.0 15.0 21.0 22.0 16.0 0.0 43.0 0.0 19.0
37.0 14.0 21.0 0.0 0.0 57.0 25.0 21.0 25.0
104.0 96.0
27.0 0.0
10.0
15.0 47.0 14.0
6.0 10.0 3.0 0.0 21.0 22.0 0.0
49.0 12.0 21.0
87.0 37.0 21.0
32.0 0.0 18.0
12.0 0.0 12.0
59.0 124.0 31.0 22.0 48.0 21.0 30.0 125.0 102.0 22.0 21.0 21.0
149.0 0.0 0.0 21.0
55.0 13.0 0.0 0.0 0.0 15.0
19.0 0.0 101.0 5.0
43.0 16.0 0.0 19.0 0.0
1.0 16.0 0.0 37.0
33.0 15.0 44.0 22.0
36.0 0.0 22.0
4.0 0.0 21.0
67.0 22.0 47.0 0.0
144.0 59.0 0.0 38.0
73.0 21.0
142.0 0.0
165.0 166.0 85.0 42.0 21.0 30.0 21.0
109.0 21.0 0.0 12.0 78.0
88.0 21.0 0.0 87.0 21.0
23.0 0.0 22.0
24.0 0.0 12.0 19.0 0.0 21.0
34.0 15.0
151.0 18.0 22.0 21.0 0.0 9.0 12.0 63.0
39.0 16.0 38.0
97.0 21.0 23.0 4.0 21.0 0.0 15.0 62.0 21.0
53.0 34.0
27.0 0.0 22.0 0.0
50.0 0.0 22.0 21.0
136.0 21.0 0.0
41.0 22.0 21.0
122.0 76.0 22.0
79.0 0.0 90.0 63.0
29.0 22.0 100.0
96.0 19.0 21.0 0.0 58.0 13.0 25.0
44.0 0.0 37.0 40.0 0.0 21.0
54.0 22.0 66.0
9.0 13.0
101.0 19.0 0.0 51.0 21.0 19.0 44.0 0.0
50.0 21.0 44.0
2.0 53.0 26.0
170.0 0.0 21.0 0.0 37.0 0.0 45.0 0.0 10.0
13.0 112.0 12.0 104.0 0.0 101.0 89.0 21.0 43.0
1.0 22.0 21.0 43.0
148.0 21.0
157.0 0.0 21.0 0.0
161.0 49.0 19.0 21.0 12.0 65.0
12.0 32.0 23.0
142.0 22.0 22.0
11.0 145.0 15.0 0.0 22.0 50.0 21.0 71.0 0.0 22.0 89.0 22.0
60.0 17.0 3.0 22.0 21.0 10.0 21.0 22.0
3.0 45.0 10.0 0.0 15.0 5.0
123.0 20.0 21.0 0.0 21.0
61.0 13.0 37.0 0.0 48.0
88.0 13.0 0.0 5.0 0.0 19.0
2.0 22.0
92.0 21.0 122.0
