23.0 34.0 0.0 0.0 45.0 1.0
55.0 38.0 24.0 44.0
21.0 43.0 0.0 50.0 14.0
130.0 0.0 1.0 0.0 40.0 0.0
124.0 11.0 51.0
41.0 0.0 0.0 19.0
14.0 24.0
6.0 0.0 0.0 51.0
15.0 78.0 0.0 40.0 0.0 48.0
7.0 1.0 27.0
56.0 24.0 0.0
16.0 0.0
11.0 0.0 12.0 41.0
24.0 0.0 15.0 15.0
162.0 0.0 20.0 138.0 0.0
59.0 14.0 24.0 1.0
3.0 1.0
20.0 1.0 0.0 0.0
35.0 10.0 13.0 0.0 1.0 0.0 0.0
64.0 143.0 24.0 39.0 0.0 19.0 24.0 28.0
44.0 64.0 0.0 0.0
10.0
71.0 0.0 0.0 24.0
44.0 0.0 1.0
152.0 69.0 9.0 0.0 15.0 75.0 13.0 15.0 1.0
0.0 52.0 1.0 92.0 1.0 20.0
6.0 0.0
99.0 0.0 20.0 108.0 23.0
48.0 23.0 0.0 20.0 24.0 0.0
29.0 39.0 24.0 40.0
2.0 0.0 98.0
1.0 88.0 45.0
17.0 0.0 1.0 10.0
112.0 0.0 0.0 0.0
1.0 6.0 24.0
5.0 39.0 0.0 0.0 24.0 0.0 136.0 102.0 0.0
1.0 24.0
11.0 47.0 16.0 86.0
85.0 42.0 0.0 16.0 24.0
77.0 0.0 54.0 128.0 61.0 32.0 59.0 92.0
62.0 11.0
74.0 1.0 87.0 1.0 96.0
35.0 0.0 104.0 35.0 0.0
1.0 0.0 51.0 0.0
110.0 46.0 43.0 0.0 24.0 0.0
51.0 0.0
2.0 79.0 0.0 129.0 1.0
1.0 3.0 74.0 0.0 17.0 1.0 24.0
72.0 29.0 19.0 0.0 24.0
95.0 25.0 13.0 15.0 1.0 73.0 0.0 0.0 6.0 55.0 0.0
73.0 13.0 0.0 15.0 1.0 24.0 1.0 0.0 16.0 82.0 40.0
47.0 1.0 20.0 0.0
166.0 20.0 16.0
12.0 1.0
6.0 20.0
11.0 48.0 105.0 11.0 50.0
1.0 36.0 0.0 0.0 46.0 16.0 0.0
37.0 24.0 15.0
32.0 48.0 0.0 50.0 56.0
59.0 24.0 45.0 13.0
159.0 0.0 35.0 0.0 24.0 0.0
70.0 0.0 16.0 15.0
25.0 84.0 48.0 0.0 6.0
13.0 2.0 10.0 0.0 1.0 1.0
13.0 82.0 15.0 40.0 1.0 0.0 25.0 77.0 0.0 6.0 16.0 0.0
132.0 0.0
144.0 19.0 65.0 1.0 0.0 43.0 51.0
18.0 0.0 6.0 2.0 11.0 0.0
8.0 24.0 19.0
15.0 26.0 0.0 10.0 0.0 13.0 16.0
142.0 19.0 24.0 5.0 62.0 1.0
102.0 25.0 15.0 129.0 1.0 13.0 27.0 0.0 0.0 53.0 11.0 24.0 23.0
18.0 86.0
91.0 0.0 44.0 2.0 0.0 0.0 93.0
90.0 0.0 0.0
40.0 24.0 0.0
80.0 15.0 1.0 0.0
107.0 24.0 2.0 1.0 65.0 1.0 0.0 3.0
16.0 55.0 0.0
9.0 24.0 22.0 4.0 58.0 27.0 0.0 51.0 14.0 0.0 0.0
2.0 0.0
132.0 28.0 24.0 24.0
14.0 24.0
16.0 20.0 15.0 0.0 40.0
100.0 24.0 0.0 0.0
50.0 0.0 28.0
140.0 24.0 0.0 11.0 48.0 111.0 20.0
12.0 1.0
63.0 0.0
115.0 67.0 0.0 11.0 6.0 18.0
22.0 139.0 28.0 4.0 0.0 14.0 1.0 42.0 19.0
6.0 16.0
20.0 43.0 53.0 24.0
65.0 0.0
42.0 0.0 35.0 0.0 1.0 35.0 1.0
15.0 1.0
10.0 0.0
61.0 0.0 24.0
66.0 1.0 1.0 0.0
62.0 38.0 0.0 1.0
7.0 24.0
64.0 45.0 0.0 24.0
120.0 0.0 41.0 24.0 43.0 102.0
148.0 149.0 150.0 0.0 25.0
56.0 59.0 24.0 81.0
119.0 24.0 0.0 27.0 23.0 0.0 0.0
26.0 0.0 16.0 51.0 60.0
6.0 18.0 0.0 26.0
18.0 6.0 3.0 11.0 0.0 24.0 24.0
45.0 16.0 16.0
101.0 49.0 24.0 32.0 0.0 112.0 11.0
98.0 0.0 0.0
2.0 20.0 0.0 1.0 20.0
108.0 0.0 0.0
60.0 20.0 0.0 30.0
89.0 89.0 24.0
3.0 18.0 0.0 0.0 6.0
17.0 0.0 25.0 1.0 15.0
92.0 0.0 53.0 50.0 3.0
123.0 16.0 0.0 0.0
58.0 55.0 141.0 0.0 12.0 40.0 24.0
26.0 1.0 0.0 24.0 0.0
1.0 0.0 51.0 55.0
35.0 55.0 0.0 1.0 2.0
19.0
127.0 106.0 0.0 43.0 30.0 59.0 24.0
53.0 0.0 51.0 14.0
167.0 0.0 47.0 103.0 92.0 0.0
10.0 26.0 0.0 63.0 14.0
165.0 164.0 163.0 0.0 88.0 0.0
0.0 10.0 13.0 145.0 1.0
136.0 3.0 6.0 1.0 6.0
17.0 1.0 0.0 0.0 0.0
31.0 24.0
102.0 0.0 103.0
60.0 4.0 15.0 24.0 0.0 81.0 15.0
121.0 16.0 24.0 0.0 46.0
135.0 0.0 0.0 50.0 109.0 67.0
138.0 0.0 0.0 5.0
30.0 16.0 3.0 0.0 97.0
10.0 0.0 82.0
27.0 140.0
117.0 0.0 24.0 28.0 83.0 0.0
9.0 4.0 0.0 0.0 152.0
33.0 0.0
16.0 0.0
137.0 0.0 20.0 16.0 47.0 0.0 0.0
160.0 161.0 14.0 57.0 24.0 0.0 19.0 0.0 71.0 41.0 24.0 12.0 129.0 48.0
114.0 0.0 4.0 40.0
131.0 67.0 8.0 14.0 0.0 0.0 0.0 51.0 24.0
14.0 12.0 24.0 41.0
93.0 0.0
27.0
107.0 24.0 22.0
3.0 6.0 0.0 33.0 35.0
94.0 20.0 1.0
57.0 14.0 24.0 5.0 0.0 4.0 89.0 27.0 1.0 20.0
0.0 3.0 3.0 6.0 0.0 44.0
10.0 125.0 0.0
122.0 1.0 0.0 16.0 1.0 78.0 0.0
133.0 0.0 44.0 40.0 0.0 0.0
47.0 0.0 1.0 0.0 11.0 0.0 12.0
3.0 6.0
54.0 88.0 0.0 1.0
97.0 63.0 0.0 97.0 4.0 11.0
24.0 28.0 153.0 46.0 154.0 0.0 155.0 27.0 14.0 1.0 11.0
52.0 34.0 0.0 1.0 65.0 69.0 0.0 0.0 25.0
124.0
17.0 0.0 0.0
19.0 10.0
9.0 14.0 24.0
5.0 8.0 19.0 24.0 4.0 0.0 41.0 79.0 117.0
6.0
134.0 52.0 0.0
26.0 10.0 25.0
6.0 0.0
147.0 146.0 145.0 16.0 49.0 24.0 0.0 51.0 0.0 0.0
113.0 0.0 1.0 28.0
86.0 1.0 0.0 65.0 0.0
16.0 0.0 65.0
12.0 18.0 20.0 1.0
11.0 2.0
14.0 53.0
37.0 16.0 24.0 10.0
40.0 0.0 1.0
72.0 24.0 15.0 59.0
68.0 41.0 24.0
16.0 0.0 24.0 0.0 55.0
89.0 15.0 0.0 24.0
158.0 99.0 157.0 0.0 21.0 88.0
30.0 0.0 31.0 20.0 24.0 81.0
0.0 104.0 32.0 14.0
26.0 13.0 0.0 20.0 44.0
18.0 44.0 24.0 6.0 42.0 1.0
28.0 14.0
81.0 24.0 1.0 0.0 0.0 60.0
33.0 35.0 18.0 11.0 1.0
51.0 42.0 0.0 51.0 15.0 43.0
39.0
82.0 2.0 54.0 20.0
151.0 0.0 24.0 19.0
109.0 0.0 87.0
76.0 24.0
104.0 93.0 101.0 24.0
79.0 0.0
7.0 24.0
156.0 16.0 0.0 15.0 1.0 59.0
45.0 2.0 0.0 1.0 52.0 24.0 28.0
31.0 24.0 10.0
12.0 27.0
126.0 16.0 24.0 0.0 87.0 1.0 1.0 7.0 15.0 0.0
66.0 28.0 24.0
27.0 59.0
87.0 0.0 1.0 75.0
3.0 144.0 1.0 56.0
3.0 24.0 4.0 15.0 53.0 14.0
55.0 24.0 0.0
111.0 0.0 27.0 0.0 90.0 81.0
118.0 16.0 0.0 13.0 3.0
6.0 3.0 137.0
116.0 59.0 24.0 0.0 24.0
22.0 96.0 28.0 24.0 71.0 0.0 28.0 0.0 1.0 19.0
38.0 5.0 24.0 0.0 14.0 19.0 41.0 20.0
5.0 4.0 19.0 43.0 0.0 77.0
23.0 21.0 0.0 0.0 59.0
1.0 36.0 0.0 0.0 59.0
12.0 1.0 13.0 1.0 0.0
27.0 24.0 97.0
84.0 24.0 0.0 91.0
