23.0 35.0 0.0 0.0 35.0 18.0 63.0 13.0
41.0 26.0 24.0
21.0 48.0 0.0 0.0 14.0
102.0 1.0 0.0 0.0 70.0 0.0
100.0 0.0 1.0
46.0 0.0 9.0 1.0
14.0 24.0
6.0 0.0 66.0 16.0
80.0 0.0 47.0 14.0
7.0
51.0 3.0 0.0
16.0 0.0
11.0 6.0 0.0 12.0 0.0
24.0 7.0 54.0
94.0 20.0 0.0
28.0 1.0 24.0 62.0
61.0 3.0 1.0
20.0 1.0 1.0 0.0 18.0
13.0 61.0 0.0 10.0 0.0 2.0 36.0
52.0 93.0 24.0 42.0 0.0 3.0 0.0
49.0 0.0 0.0 1.0
10.0
117.0 0.0 79.0 16.0 24.0 15.0 0.0
49.0 1.0 0.0 77.0 1.0
86.0 98.0 25.0 0.0 9.0 24.0 13.0 39.0 0.0 65.0 1.0 15.0 6.0
72.0 0.0 1.0 13.0
6.0 0.0 13.0
35.0 1.0 13.0 0.0 75.0
67.0 23.0 0.0 20.0 0.0 24.0 6.0
30.0 42.0 24.0 4.0 0.0
2.0 0.0 62.0
1.0 55.0 50.0 24.0
17.0 1.0 0.0 13.0
122.0 0.0 50.0 11.0
1.0 75.0 98.0 24.0 0.0
5.0 81.0 42.0 24.0 0.0 0.0 24.0
1.0 0.0
60.0 11.0 16.0 34.0 100.0
138.0 47.0 24.0 13.0 16.0
150.0 0.0 88.0 99.0 28.0 36.0 1.0
65.0 0.0
80.0 2.0 1.0
36.0 84.0
1.0 0.0 2.0 0.0 28.0 3.0
92.0 58.0 48.0 0.0 24.0 0.0 24.0
0.0 147.0
2.0 0.0
1.0 3.0 55.0 0.0 0.0 91.0 81.0
45.0 30.0 19.0 0.0 17.0
132.0 25.0 1.0 13.0 15.0 59.0 0.0 1.0 59.0 24.0
129.0 13.0 6.0 0.0 15.0 24.0 1.0 4.0
120.0 1.0 1.0 25.0 0.0 13.0
90.0
1.0 12.0 63.0 13.0
6.0 20.0
11.0 67.0 72.0 16.0 142.0
1.0 38.0 0.0
39.0 24.0
33.0 69.0 0.0 0.0
118.0 28.0 24.0
145.0 0.0 24.0 22.0 0.0
123.0 0.0 14.0 0.0 0.0 15.0
78.0 13.0
66.0 13.0 2.0 0.0 10.0 36.0
13.0 104.0 25.0 1.0 44.0 15.0 0.0 6.0 10.0
32.0 0.0 0.0
70.0 19.0 0.0 0.0
18.0 6.0 0.0
8.0 41.0 24.0
10.0 26.0 15.0 0.0 16.0 10.0 77.0
53.0 19.0 24.0 4.0 18.0 27.0
143.0 25.0 15.0 144.0 1.0 0.0 26.0 0.0 3.0
80.0 1.0 23.0
79.0 0.0 2.0
119.0 11.0 0.0 0.0 82.0
44.0 64.0 13.0
75.0 15.0 10.0 0.0 1.0
54.0 1.0 0.0 15.0 2.0 1.0
16.0 79.0 4.0 0.0 2.0
9.0 24.0 22.0 32.0 4.0 0.0 68.0 74.0 64.0 14.0
2.0 24.0 0.0
43.0 24.0 33.0
14.0 95.0 16.0 0.0 0.0
15.0 16.0 20.0 0.0 64.0 23.0 63.0 81.0
84.0 24.0 1.0 10.0
69.0 0.0 60.0 0.0
153.0 24.0 67.0 53.0 0.0 0.0 39.0 56.0
12.0 1.0 38.0
56.0 0.0 20.0
40.0 0.0 18.0
22.0 125.0 29.0 4.0 0.0 58.0
6.0 16.0 19.0 0.0
20.0 3.0 2.0 24.0
120.0 13.0 0.0 72.0 38.0 25.0
47.0 0.0 36.0 1.0 0.0 0.0 22.0
15.0 1.0 1.0 20.0
10.0 23.0 93.0 0.0
43.0 0.0 54.0
64.0 1.0 0.0
65.0 36.0 63.0 24.0
7.0 61.0
52.0 0.0 24.0 29.0
106.0 0.0 46.0 24.0 0.0 24.0 50.0 0.0 81.0 80.0 79.0
91.0 148.0 149.0 0.0 25.0 142.0 24.0 23.0
51.0 1.0
134.0 0.0 24.0 24.0
26.0 0.0 96.0 25.0 16.0
6.0 1.0 34.0
18.0 6.0 3.0 24.0 0.0
50.0 16.0 65.0 3.0 94.0 1.0
97.0 105.0 24.0 33.0 0.0 6.0 0.0 0.0
54.0 0.0
2.0 1.0 20.0 0.0 49.0
151.0 0.0 0.0 1.0 10.0 0.0
20.0 25.0 0.0
113.0 24.0 1.0
3.0 18.0 0.0 0.0 82.0 6.0 0.0
17.0 0.0 25.0 1.0 0.0 99.0 0.0 0.0
88.0 130.0 0.0 86.0
147.0 0.0 16.0 0.0 0.0
135.0 137.0 136.0 0.0 44.0 2.0 70.0 36.0 24.0 10.0
26.0 1.0 0.0 0.0 14.0
1.0 0.0
2.0 57.0 0.0
19.0
131.0 31.0 48.0 0.0 0.0 9.0
107.0 0.0 56.0
158.0 0.0 0.0 65.0 0.0 0.0
10.0 26.0 0.0
112.0 111.0 76.0 0.0 84.0 0.0 24.0 0.0
13.0 10.0 0.0 15.0
116.0 3.0 6.0 1.0 0.0 0.0
17.0 1.0 2.0 60.0 63.0
32.0 15.0
63.0 0.0
96.0 4.0 0.0 15.0 24.0
108.0 0.0 16.0 24.0 0.0 94.0
139.0 0.0 87.0 69.0 48.0 79.0 72.0
74.0 0.0 0.0
31.0 16.0 3.0 0.0 28.0
10.0 26.0 0.0 104.0 3.0
27.0 121.0
128.0 0.0 24.0 0.0 0.0 5.0
9.0 4.0 0.0 24.0
34.0 0.0
16.0 1.0 0.0 112.0 0.0
126.0 0.0 3.0 16.0 55.0
142.0 141.0 24.0 19.0 14.0 0.0 73.0 19.0 24.0 0.0 0.0 55.0 27.0
57.0 0.0 83.0
73.0 53.0 54.0 28.0 14.0 23.0 0.0 0.0 7.0 0.0 24.0 16.0 41.0
137.0 14.0 80.0
68.0 0.0
27.0
40.0 24.0 24.0 22.0 1.0
3.0 6.0 36.0 0.0
140.0 15.0 1.0
62.0 14.0 24.0 0.0 25.0 22.0 1.0 42.0
0.0 28.0 57.0 10.0
10.0 87.0 0.0 0.0
55.0 1.0 0.0 17.0 6.0
124.0 39.0 0.0 0.0 54.0
60.0 0.0 1.0 0.0 71.0 89.0
3.0 6.0 9.0
76.0 152.0 25.0 0.0
146.0 0.0 56.0 1.0 77.0
24.0 29.0 154.0 58.0 95.0 0.0 0.0 0.0 5.0
72.0 40.0 1.0 35.0 20.0 0.0 24.0
75.0
17.0 0.0 0.0
19.0
9.0 14.0 24.0 16.0
5.0 8.0 19.0 24.0 4.0 25.0 0.0 24.0
59.0 6.0 3.0 16.0
121.0 0.0 1.0 72.0 0.0 0.0
10.0 26.0 25.0 62.0
6.0 0.0 0.0
83.0 114.0 37.0 24.0 71.0 16.0 0.0 38.0 66.0
82.0 0.0 36.0 59.0
77.0 1.0 0.0
16.0 0.0 3.0 1.0
12.0 1.0 0.0 16.0
11.0 58.0 1.0
14.0 46.0 81.0 28.0 94.0
39.0 24.0 16.0
44.0 62.0 0.0 4.0 0.0 1.0 0.0
28.0 0.0 24.0
53.0 46.0 24.0
16.0 0.0 70.0
118.0 0.0 0.0 0.0 24.0
37.0 156.0 157.0 155.0 0.0 116.0 81.0
31.0 0.0 9.0 80.0 3.0
82.0 0.0 50.0 0.0
26.0 15.0 0.0 15.0
18.0 6.0 24.0
29.0 14.0 28.0
127.0 24.0 1.0 81.0 0.0 29.0 0.0 15.0
34.0 36.0 80.0 0.0
122.0 15.0 47.0 0.0 24.0
81.0
13.0 3.0 1.0
110.0 0.0 0.0 2.0 0.0 24.0
159.0 0.0 16.0
85.0 24.0 24.0
103.0 0.0
85.0 0.0
7.0 24.0 68.0
89.0 16.0 0.0 24.0 0.0 3.0
50.0 2.0 0.0 1.0
32.0 24.0 13.0
12.0 1.0
109.0 16.0 24.0 0.0 0.0 54.0 61.0 24.0
64.0 24.0 1.0
27.0 51.0
115.0 0.0 1.0 0.0 22.0 0.0 0.0
3.0 1.0 68.0 0.0
4.0 25.0 65.0 24.0 24.0 63.0 0.0
59.0 0.0
71.0 0.0 0.0 0.0
133.0 16.0 0.0 10.0 60.0 101.0 3.0
6.0 3.0 0.0
63.0 28.0 24.0 24.0 52.0
22.0 101.0 29.0 24.0 0.0 24.0 77.0 29.0 13.0 54.0
41.0 5.0 24.0 14.0 0.0 22.0 0.0 0.0 14.0 60.0
5.0 4.0 57.0 24.0 0.0 24.0
23.0 21.0 0.0 0.0
1.0 92.0 0.0 38.0 31.0 0.0 2.0
12.0 13.0 1.0 0.0 40.0
63.0 9.0
78.0 0.0 0.0
