22.0 23.0 0.0 15.0 23.0 71.0
89.0 25.0 0.0
93.0 36.0 27.0 23.0 3.0
50.0 14.0 15.0 0.0 0.0 36.0 14.0 23.0
152.0 53.0 39.0 23.0
24.0 0.0 23.0 23.0 0.0 87.0
16.0 25.0
38.0 0.0 13.0 23.0 0.0
26.0 5.0 0.0 0.0 21.0 23.0
37.0 25.0 0.0
39.0 23.0
21.0 0.0
17.0 48.0 0.0 39.0 13.0
19.0 0.0 36.0
112.0 23.0 75.0 0.0 0.0
18.0 16.0 3.0 24.0
159.0 13.0 21.0 14.0
14.0 0.0 56.0 0.0 16.0
9.0 56.0 10.0 6.0 0.0 0.0 23.0 0.0 94.0
138.0 80.0 25.0 65.0 23.0
53.0 46.0 23.0 0.0
9.0
77.0 15.0 0.0
164.0 14.0 0.0 0.0 0.0 19.0
170.0 130.0 0.0 10.0 60.0 0.0 23.0 0.0
0.0 52.0
38.0 13.0 38.0 0.0 24.0 8.0 56.0
92.0 0.0 46.0 17.0
8.0 22.0 17.0 0.0 21.0 19.0
31.0 15.0 23.0 23.0 33.0
35.0 0.0 69.0
14.0 0.0 35.0
41.0 0.0
67.0 0.0 23.0 8.0 17.0
14.0 0.0 79.0
3.0 44.0 19.0 0.0
14.0 0.0
30.0 17.0 21.0 101.0
105.0 21.0 23.0 0.0 0.0
153.0 84.0 154.0 0.0 23.0 0.0 125.0
28.0 46.0 0.0
35.0 33.0 14.0 0.0 61.0 6.0 0.0
33.0 61.0 66.0 0.0 23.0
14.0 0.0 17.0
86.0 78.0 3.0 25.0 0.0 23.0 32.0
74.0 23.0
52.0 0.0 33.0 42.0
0.0 14.0 13.0 0.0 79.0 90.0 0.0
55.0 31.0 0.0 11.0 23.0 77.0
6.0 100.0 82.0 66.0 0.0 59.0 0.0 20.0 0.0 6.0 91.0
169.0 6.0 13.0 14.0 0.0 8.0 25.0 9.0 0.0 21.0 5.0
79.0 14.0 0.0 0.0 65.0
163.0
14.0 32.0 97.0 0.0
38.0 13.0 0.0
90.0 17.0 21.0 48.0
14.0 0.0 15.0
4.0 19.0 25.0 49.0
8.0 23.0
18.0 25.0 58.0
142.0 16.0 0.0 9.0
129.0 23.0
51.0 6.0 23.0
58.0 9.0 0.0 23.0 68.0
126.0 42.0 6.0 0.0 15.0 9.0 13.0
52.0 17.0 0.0
83.0 16.0 0.0
115.0 29.0 0.0 13.0 0.0 65.0 47.0
7.0 25.0
9.0 26.0 23.0 21.0 0.0 0.0 28.0 21.0 147.0
19.0 23.0 11.0 1.0 16.0
57.0 128.0 6.0 0.0 42.0 25.0 63.0 21.0 23.0 0.0 14.0
82.0 15.0
116.0 23.0 0.0
97.0 23.0 23.0 15.0
5.0 0.0 9.0
88.0 0.0 9.0 0.0
14.0 0.0 108.0 0.0 68.0 0.0
21.0 0.0 35.0 104.0 69.0
131.0 25.0 16.0 19.0 1.0 0.0 130.0 2.0 16.0 93.0
33.0 35.0 0.0 0.0 0.0 0.0
45.0 25.0
125.0 19.0 16.0 23.0
20.0 15.0 21.0 0.0
40.0 19.0 23.0 93.0 15.0
36.0 8.0 0.0 0.0 23.0
121.0 25.0 59.0 0.0 0.0
10.0 14.0 21.0
118.0 0.0
65.0 17.0 23.0 21.0 0.0
12.0 75.0 3.0 25.0 0.0 0.0
21.0 13.0 35.0
46.0 63.0 14.0
147.0 9.0 0.0 0.0 23.0
81.0 23.0 0.0 14.0 25.0 0.0 0.0 6.0
14.0 46.0
73.0 9.0 0.0
45.0 23.0 15.0 25.0 0.0
35.0 0.0
28.0 14.0
37.0 112.0 11.0
133.0 38.0 0.0 64.0 70.0 25.0
161.0 24.0 19.0 23.0 0.0 17.0 38.0
168.0 91.0 58.0 0.0 15.0 6.0 23.0 10.0 0.0 0.0
39.0 21.0 75.0 4.0
123.0 25.0 2.0 0.0 23.0
34.0 23.0 26.0 15.0 21.0 0.0
29.0 0.0 13.0
29.0 13.0 48.0 0.0 13.0 62.0
21.0 70.0 14.0 21.0
43.0 149.0 25.0 61.0 23.0 150.0 0.0 0.0
77.0 23.0 0.0
35.0 0.0 14.0 35.0
117.0 0.0 23.0 3.0 61.0
20.0 17.0 0.0 23.0 25.0
68.0 21.0 19.0 25.0 14.0
29.0 13.0 23.0 0.0 0.0 103.0 112.0
32.0 6.0 14.0 0.0 0.0
148.0 0.0 10.0 20.0
95.0 36.0 0.0 21.0 23.0 74.0
107.0 69.0 106.0 23.0 54.0 0.0 70.0
46.0 0.0 6.0
0.0 14.0 37.0 139.0 23.0
33.0 0.0 14.0 0.0
11.0
141.0 23.0 3.0 0.0 25.0 23.0
151.0 23.0 83.0 47.0 25.0
101.0 23.0 0.0 0.0
9.0 23.0 41.0 85.0
94.0 144.0 143.0 0.0 145.0 23.0 0.0
9.0 0.0 0.0
29.0 13.0 42.0 73.0
41.0 0.0 14.0
52.0 25.0
64.0 23.0
62.0 20.0 25.0 0.0 26.0
34.0 0.0 11.0 25.0 21.0 98.0 16.0
157.0 23.0 36.0 15.0 0.0
50.0 23.0 23.0 0.0
146.0 21.0 0.0 13.0 131.0 49.0
9.0 135.0 0.0 19.0
2.0 20.0
134.0 8.0 23.0 25.0 0.0 6.0
16.0 0.0 36.0 25.0
119.0 38.0 23.0 0.0 33.0 18.0 74.0
0.0 21.0
122.0 23.0 0.0 20.0 47.0 0.0
166.0 23.0 98.0 25.0 19.0 54.0 0.0 0.0
74.0 0.0 3.0 43.0 23.0 46.0 58.0
103.0 59.0 63.0 25.0 23.0 0.0 56.0 2.0 4.0 0.0
19.0
113.0 0.0 104.0
2.0 40.0
1.0 18.0 65.0
13.0 23.0 17.0 0.0
102.0 50.0 25.0 0.0 25.0
72.0 19.0 16.0 23.0 12.0 19.0 13.0
46.0 15.0
9.0 99.0 0.0 23.0 58.0
71.0 14.0 13.0 0.0
87.0 23.0 139.0 0.0 23.0
30.0 23.0 59.0 14.0 0.0 21.0
13.0
140.0 47.0 23.0 0.0 39.0
124.0 0.0 15.0 93.0 56.0
25.0 110.0 109.0 111.0 19.0 18.0 23.0 16.0 0.0 108.0 0.0 69.0
135.0 15.0 23.0 0.0 65.0 22.0 17.0 17.0 58.0
112.0 14.0
32.0 0.0 0.0
11.0
16.0 15.0
7.0 3.0 11.0 25.0 0.0 24.0 23.0 15.0 0.0
96.0 13.0 2.0
17.0 29.0 0.0 23.0 22.0 68.0
46.0 0.0 21.0 0.0
13.0 0.0 0.0 17.0
156.0 155.0 47.0 43.0 23.0 25.0 21.0 0.0 23.0 113.0
127.0 15.0 0.0 49.0
78.0 14.0 0.0 25.0 15.0 23.0 21.0
21.0 42.0 0.0 75.0
10.0 0.0 21.0
17.0 0.0
16.0 63.0 44.0 0.0
4.0 18.0 11.0 21.0
5.0 6.0 0.0 36.0 23.0
55.0 18.0 25.0 3.0 41.0 0.0
18.0 24.0 19.0 0.0
67.0 0.0 21.0 13.0
56.0 25.0 0.0
76.0 54.0 120.0 47.0 0.0 0.0 0.0
167.0 23.0 0.0 0.0 68.0
64.0 25.0
26.0 0.0 6.0 0.0 25.0
28.0 0.0 13.0 25.0
41.0 16.0 18.0 3.0
137.0 20.0 25.0 0.0 3.0
33.0 33.0 10.0 17.0 15.0 23.0
136.0 0.0 26.0 23.0 15.0 23.0
44.0 39.0
32.0 6.0 0.0 25.0
49.0 0.0 25.0 0.0 23.0
158.0 23.0 66.0 0.0
68.0 19.0
162.0
73.0 15.0
37.0 25.0
160.0 21.0 15.0 0.0
70.0 0.0 99.0 14.0 0.0 68.0 17.0
132.0 25.0
14.0 10.0
114.0 21.0 23.0 62.0 0.0 0.0
49.0 25.0 0.0 0.0
2.0 5.0 18.0
60.0 0.0 15.0 23.0 0.0 84.0 25.0
14.0 0.0 0.0 0.0 23.0 0.0
1.0 23.0 0.0 72.0
85.0 15.0 31.0
92.0 0.0 23.0 25.0
165.0 21.0 13.0 82.0 0.0 66.0 23.0 21.0
13.0 25.0 93.0 104.0
18.0 40.0 25.0 36.0
12.0 104.0 16.0 0.0 25.0 3.0 0.0
89.0 19.0 3.0 11.0 23.0 25.0 11.0 24.0 93.0 21.0 0.0
3.0 11.0 0.0 21.0 21.0
22.0 27.0 23.0 0.0 23.0
79.0 15.0 14.0 57.0 0.0 58.0 2.0
61.0 14.0 0.0 6.0 100.0 73.0
40.0 2.0
51.0 29.0 0.0 47.0 23.0 23.0 28.0
