22.0 23.0 0.0 97.0 16.0
75.0 25.0 0.0
149.0 37.0 27.0 23.0 24.0
119.0 14.0 15.0 0.0
64.0 16.0 23.0 142.0
24.0 0.0 25.0
16.0 25.0
43.0 23.0 0.0 0.0 0.0
26.0 61.0 0.0 0.0 0.0
40.0 2.0 0.0
44.0 23.0
21.0 0.0 21.0 0.0
17.0 55.0 0.0 13.0 23.0 10.0 30.0
19.0 0.0
118.0 23.0 31.0
18.0 16.0 24.0
14.0 94.0
14.0 0.0 0.0 14.0
9.0 95.0 0.0 6.0 14.0 17.0 107.0 36.0 13.0
94.0 87.0 25.0 23.0 72.0 0.0
60.0 58.0 99.0 0.0 23.0 87.0 23.0
9.0
62.0 0.0 44.0 29.0
60.0 14.0 0.0 25.0
156.0 155.0 0.0 15.0 0.0 4.0 47.0 0.0 9.0 44.0
0.0 87.0
43.0 13.0 0.0
14.0 86.0 0.0 5.0
67.0 22.0 8.0 17.0 23.0 0.0
32.0 15.0 23.0
0.0 36.0 21.0 25.0
14.0 0.0 101.0 94.0
46.0 15.0 0.0 96.0
58.0 0.0
14.0 10.0 0.0 29.0
3.0 19.0 49.0 0.0 0.0 0.0
14.0 0.0 0.0
30.0 115.0 113.0 17.0 0.0 67.0
132.0 15.0 21.0 0.0
134.0 71.0 133.0 0.0 23.0 0.0
28.0 17.0 58.0
36.0 14.0 0.0 22.0 101.0 47.0
34.0 58.0 13.0 0.0
0.0 14.0
152.0 79.0 23.0 3.0 25.0 0.0 0.0
40.0 0.0
34.0 56.0 0.0
36.0 14.0 13.0 0.0 13.0 3.0
38.0 32.0 11.0 0.0 23.0 25.0 8.0
6.0 100.0 0.0 41.0 56.0 0.0 58.0 39.0 0.0
143.0 6.0 0.0 47.0 8.0 13.0 14.0 25.0 0.0 129.0
106.0 14.0 0.0 30.0 0.0
66.0
14.0 77.0 23.0 0.0 40.0
43.0 13.0 0.0
67.0 17.0 132.0 21.0 13.0 23.0 92.0
14.0 15.0 0.0 0.0
4.0 0.0 25.0
8.0 23.0
18.0 25.0 0.0 0.0
141.0 3.0 16.0 0.0 23.0
150.0 23.0 0.0 23.0
81.0 23.0
159.0 9.0 0.0 21.0 38.0
89.0 47.0 6.0 9.0 0.0 15.0 16.0 13.0 13.0
31.0 0.0 17.0
120.0 0.0 66.0 16.0
86.0 29.0 0.0 13.0 0.0 23.0
7.0 25.0 36.0
9.0 26.0 0.0 21.0 23.0 35.0 23.0 15.0 111.0
19.0 29.0 11.0
140.0 139.0 6.0 0.0 50.0 71.0 25.0 0.0
56.0 29.0 34.0 0.0
63.0 0.0 23.0 30.0
138.0 23.0 0.0
5.0 0.0 9.0
96.0 9.0 0.0 34.0
36.0 14.0 0.0 92.0
21.0 0.0 23.0 0.0 6.0
144.0 3.0 25.0 16.0 19.0 1.0 0.0
34.0 36.0 0.0 22.0
52.0 25.0 21.0 68.0
70.0 16.0 19.0 0.0
20.0 15.0 0.0 21.0 134.0
45.0 19.0 15.0 23.0 25.0
37.0 8.0 0.0 0.0 27.0
78.0 39.0 25.0 0.0 0.0 9.0 36.0
10.0 14.0 0.0
93.0 0.0
109.0 17.0 23.0
12.0 69.0 25.0 3.0 0.0 43.0 109.0
21.0 13.0 125.0
50.0 6.0 27.0 63.0 0.0
128.0 0.0 17.0
135.0 15.0 23.0 14.0 25.0 0.0 23.0
6.0 14.0 14.0
9.0 30.0 0.0 101.0 73.0
52.0 25.0 23.0 0.0
36.0 36.0 0.0 56.0
28.0 14.0
96.0 40.0
72.0 0.0 19.0
117.0 24.0 23.0 0.0 44.0 23.0 0.0
158.0 103.0 62.0 157.0 0.0 23.0 6.0 15.0 80.0
44.0 20.0 92.0
129.0 25.0 0.0 25.0 0.0
35.0 23.0 26.0 15.0 23.0 15.0 118.0 21.0 29.0
29.0 0.0 13.0
29.0 13.0 55.0 0.0 15.0 13.0 57.0
21.0 42.0 14.0 0.0
48.0 124.0 25.0 80.0 0.0 23.0 43.0 29.0 29.0
72.0 84.0 23.0 0.0 76.0 104.0 29.0
36.0 0.0 14.0 0.0
107.0 0.0 15.0 23.0 15.0 29.0
20.0 0.0 23.0 136.0
87.0 25.0 19.0 0.0 15.0
29.0 13.0 0.0 23.0 43.0 0.0
33.0 6.0 14.0 0.0
57.0 0.0 65.0 51.0 19.0 67.0
105.0 23.0 15.0 0.0 65.0 23.0 37.0 0.0
122.0 121.0 77.0 0.0 24.0 23.0 10.0 21.0
53.0 0.0
14.0 148.0 0.0
34.0 0.0 90.0
11.0
84.0 83.0 23.0 0.0 15.0 14.0
145.0 23.0 66.0 0.0 0.0
70.0 0.0 16.0 23.0
9.0 23.0 75.0 11.0
161.0 73.0 160.0 0.0 0.0 23.0 115.0 8.0 23.0
9.0 0.0 15.0 33.0
29.0 13.0 14.0 0.0 13.0 0.0 14.0
46.0 0.0 14.0 0.0 30.0
31.0 25.0
76.0 23.0
113.0 20.0 25.0 0.0
35.0 0.0 23.0 21.0 25.0
123.0 15.0 23.0 37.0 63.0 0.0 23.0
74.0 23.0 3.0
90.0 21.0 13.0 0.0 3.0
9.0 15.0
2.0
102.0 25.0 8.0 23.0 0.0 0.0 50.0 110.0
16.0 0.0 69.0 16.0
126.0 17.0 0.0 23.0 15.0
22.0 0.0 15.0 72.0 57.0
127.0 23.0 0.0 23.0 43.0 23.0 21.0 34.0
153.0 23.0 91.0 16.0 50.0 25.0 0.0
51.0 0.0 13.0 0.0
92.0 39.0 23.0 27.0 21.0 25.0 0.0 50.0
19.0
136.0
2.0
1.0
17.0 13.0 0.0 23.0 0.0 9.0
74.0 74.0 0.0 43.0 0.0
162.0 19.0 23.0 16.0 0.0 3.0 15.0 25.0
56.0 23.0 37.0 83.0
9.0 151.0 0.0 23.0 72.0
46.0 14.0 13.0 14.0 0.0 23.0
154.0 23.0 0.0
30.0 0.0 23.0 14.0
13.0
125.0 15.0 54.0 23.0 43.0 23.0 14.0 0.0 81.0
112.0 15.0 0.0 23.0 0.0 0.0
25.0 88.0 98.0 137.0 19.0 0.0 23.0 16.0 23.0 105.0 0.0 54.0
111.0 15.0 17.0 23.0 0.0 0.0 0.0 52.0 14.0
31.0 14.0 34.0 1.0 15.0
33.0 0.0 0.0 14.0
11.0
16.0
7.0 3.0 11.0 25.0 0.0 24.0 23.0 0.0
41.0 13.0 23.0
17.0 29.0 0.0
53.0 0.0 101.0
0.0 13.0 15.0
99.0 110.0 54.0 48.0 23.0 25.0 0.0 3.0 23.0 21.0 23.0 0.0
130.0 0.0 86.0 14.0 15.0 0.0
65.0 14.0 0.0 0.0 0.0
21.0 0.0
17.0 0.0 136.0 29.0
17.0 0.0
16.0 50.0 0.0
4.0 0.0 3.0 59.0 25.0 14.0
5.0 15.0 6.0 0.0
38.0 25.0 101.0 0.0
97.0 24.0 19.0 0.0
136.0 23.0 13.0 21.0
65.0 0.0 25.0 22.0
147.0 146.0 82.0 54.0 0.0 0.0 0.0 23.0 15.0
83.0 0.0 23.0 17.0 23.0 9.0
58.0 23.0
26.0 0.0 23.0 9.0 147.0
28.0 13.0 25.0 0.0 128.0
95.0 25.0 18.0
85.0 20.0 25.0 0.0 113.0 23.0 34.0
115.0 0.0 0.0 0.0
61.0 15.0 0.0 23.0 135.0
49.0 43.0 18.0
33.0 47.0 0.0
56.0 0.0 25.0
21.0 101.0 23.0 0.0
79.0 25.0
131.0 23.0
5.0 15.0
40.0 25.0
116.0 0.0 59.0 23.0 0.0 23.0 102.0
42.0 0.0 6.0 14.0 23.0 23.0
68.0 25.0
10.0 14.0 14.0
59.0 4.0 21.0 0.0 29.0
56.0 23.0 83.0 81.0 0.0
2.0 18.0 24.0
108.0 15.0 0.0 51.0 30.0 25.0
14.0 0.0 23.0
1.0 23.0 88.0 23.0
106.0 23.0 3.0
142.0 0.0 110.0 71.0 23.0
62.0 21.0 0.0 23.0 17.0
13.0 0.0 66.0 98.0
18.0 45.0 25.0 0.0
12.0 104.0 3.0 25.0 16.0 0.0 0.0 23.0 0.0
75.0 19.0 3.0 11.0 23.0 0.0 47.0
3.0 51.0 18.0 11.0 0.0 16.0 21.0 43.0
0.0 22.0 27.0 23.0 0.0 120.0
148.0 15.0 6.0 14.0 0.0 15.0 0.0
43.0 14.0 14.0 128.0 0.0
45.0 2.0 21.0
114.0 29.0 0.0 13.0
