29.0 92.0 0.0
20.0 45.0 32.0
27.0 50.0 78.0 29.0 0.0 0.0 29.0
162.0 0.0 1.0 0.0
99.0 20.0 138.0 0.0
10.0 0.0 24.0 17.0 0.0 102.0
17.0 16.0 0.0
7.0 0.0 9.0 0.0 1.0 25.0
63.0 0.0 68.0 0.0
8.0 38.0 0.0
18.0 0.0
20.0 31.0 0.0
13.0 25.0 14.0 0.0 20.0 4.0
23.0 94.0 9.0
93.0 68.0 0.0
39.0 16.0 17.0 21.0 5.0
46.0 20.0 1.0
1.0 26.0 28.0 46.0 0.0 17.0
46.0 12.0 61.0 0.0 33.0 0.0 1.0 0.0 0.0 25.0 53.0
129.0 35.0 5.0 32.0 0.0 39.0
52.0 20.0 0.0 40.0 84.0 97.0
12.0
98.0 0.0 0.0
1.0 52.0 0.0
136.0 37.0 11.0 0.0 74.0 135.0 98.0 70.0 32.0 78.0
0.0 0.0 85.0 62.0 19.0
7.0 0.0 13.0
2.0 29.0 7.0
67.0 29.0 0.0 5.0 24.0
43.0 118.0 5.0 63.0
2.0 0.0
1.0 1.0 34.0 32.0
21.0 1.0 0.0 12.0
84.0 0.0 0.0
1.0 141.0 0.0 25.0
6.0 23.0 0.0 118.0 0.0 19.0
1.0 0.0
13.0 86.0 25.0 1.0
95.0 7.0 0.0 99.0 0.0 5.0 31.0
139.0 104.0 72.0 48.0 0.0 58.0 61.0 0.0
60.0 13.0
63.0 1.0 8.0 31.0
36.0 0.0 19.0 115.0
0.0 1.0 37.0
154.0 50.0 32.0 0.0 21.0 34.0 1.0 0.0 21.0
58.0
2.0 125.0 37.0 8.0 29.0 3.0 51.0
1.0 4.0 79.0 0.0 3.0
75.0 43.0 24.0 0.0 32.0 17.0 17.0 0.0
19.0 145.0 33.0 1.0 0.0 37.0 20.0 34.0
15.0 86.0 19.0 33.0 1.0 0.0 32.0 7.0 17.0 127.0
117.0 1.0 0.0 1.0 37.0 2.0
115.0 92.0 80.0
1.0 25.0 2.0
7.0 26.0 80.0
13.0 67.0 7.0 31.0
1.0 60.0 0.0 0.0 26.0
66.0 32.0 34.0 23.0
69.0 0.0 0.0 125.0
39.0 32.0 39.0
73.0 0.0
66.0 29.0 0.0 1.0
33.0 65.0 0.0
2.0 61.0 0.0 25.0
15.0 112.0 33.0 2.0 1.0 0.0 0.0 19.0 32.0
51.0 0.0 0.0 54.0
168.0 24.0 0.0 1.0 0.0 0.0 115.0
22.0 7.0 0.0 8.0 13.0 22.0 4.0 0.0
9.0 4.0
12.0 0.0 34.0 20.0 19.0 31.0
23.0 9.0 24.0 23.0 19.0 74.0 0.0
113.0 33.0 19.0 0.0 1.0 133.0 64.0 91.0 17.0
22.0 25.0
138.0 0.0 2.0 20.0 37.0 83.0 22.0 24.0
137.0 0.0 79.0
30.0 2.0 55.0 19.0
62.0 85.0 0.0
53.0 1.0 0.0 2.0
20.0 0.0
11.0 32.0 47.0 51.0 23.0 28.0 5.0 0.0 0.0 5.0 0.0
2.0 0.0 92.0
54.0 32.0 5.0
17.0 5.0
19.0 20.0 0.0 26.0 71.0
105.0 5.0 32.0
70.0 0.0 25.0 0.0
150.0 32.0 0.0 59.0 39.0 96.0 29.0
14.0 1.0
42.0 0.0
57.0 0.0 78.0 13.0 101.0
28.0 130.0 5.0 40.0 0.0
7.0 31.0 24.0 1.0
32.0 27.0 26.0 104.0 1.0
46.0 41.0 0.0 1.0
80.0 0.0 0.0 1.0 0.0 117.0 36.0 33.0
19.0 1.0
12.0 0.0
54.0 32.0 0.0
1.0 55.0 0.0
60.0 0.0
8.0 38.0 74.0
3.0 32.0 34.0 0.0
71.0 9.0 0.0 10.0 78.0 3.0 113.0
124.0 74.0 123.0 33.0 0.0 0.0 34.0 91.0 3.0 11.0 25.0 58.0
18.0 31.0 96.0
114.0 32.0 0.0
34.0 37.0 0.0 20.0 82.0 31.0 24.0
7.0 0.0 0.0 36.0
102.0 22.0 13.0 4.0 0.0 32.0 4.0 7.0
31.0 3.0 20.0 7.0
166.0 35.0 97.0 5.0 0.0 7.0 32.0 69.0 23.0 0.0 0.0 7.0
53.0 0.0
63.0 1.0 25.0 0.0 1.0 0.0
141.0 0.0 0.0
26.0 25.0 0.0 33.0 61.0 0.0
146.0 32.0 71.0
22.0 4.0 0.0
21.0 1.0 0.0 19.0
94.0 56.0 0.0 25.0 58.0
144.0 31.0 27.0 0.0 0.0 0.0 58.0
90.0 151.0 152.0 31.0 2.0 0.0 87.0 0.0
34.0 1.0 0.0 0.0
89.0 1.0 0.0 0.0 1.0
2.0 0.0
24.0
109.0 49.0 0.0 32.0 27.0 93.0 125.0
56.0 0.0 48.0
142.0 17.0 0.0 104.0 25.0 32.0
34.0 0.0 12.0 46.0 0.0
156.0 157.0 101.0 0.0 0.0 36.0
2.0 0.0 0.0 1.0
103.0 4.0 7.0 23.0 1.0 0.0 37.0
103.0 1.0 0.0 84.0 25.0 0.0 1.0
51.0 19.0 17.0
70.0 19.0 0.0 0.0
37.0 5.0 26.0 0.0 5.0
107.0 20.0 6.0 0.0 0.0
76.0 27.0 0.0 70.0 0.0 33.0
161.0 0.0 36.0
108.0 0.0 20.0 49.0 16.0 0.0 58.0
12.0 25.0
38.0
100.0 0.0 32.0 147.0 125.0
11.0 28.0 0.0 60.0 40.0
83.0 0.0 36.0 0.0 39.0
0.0 68.0 57.0 20.0
134.0 0.0 25.0 0.0 0.0 17.0
44.0 165.0 32.0 0.0 16.0 17.0 32.0 102.0 0.0 93.0
77.0 0.0 25.0 51.0 100.0
59.0 17.0 9.0 78.0 68.0 0.0 0.0 29.0 83.0 106.0
17.0 23.0 17.0
96.0 32.0
38.0 44.0
5.0 105.0 68.0
4.0 13.0 0.0 74.0 83.0 32.0
85.0 32.0 2.0 20.0
16.0 9.0 0.0 17.0 6.0 5.0 1.0 39.0
0.0 27.0 33.0 12.0 91.0
12.0 167.0 0.0 76.0 118.0 0.0 53.0 143.0
88.0 1.0 0.0 51.0
110.0 0.0 84.0 65.0 0.0
25.0 0.0 1.0 1.0
4.0
155.0 48.0 0.0
158.0 42.0 0.0 0.0 0.0 134.0 0.0
32.0 148.0 40.0 149.0 0.0 147.0 23.0 0.0 100.0 39.0 9.0 33.0 25.0
41.0 0.0 57.0 1.0 29.0 34.0 25.0
62.0
21.0 2.0 0.0 1.0
24.0
11.0 17.0 0.0 0.0
6.0 122.0 9.0 24.0 0.0 28.0 5.0 75.0 50.0 109.0
4.0 78.0 7.0
140.0 0.0 41.0 22.0 0.0
34.0 1.0 74.0
7.0 102.0 0.0
159.0 58.0 160.0 0.0 68.0 32.0 0.0 5.0 32.0 73.0 1.0 28.0 0.0
116.0 0.0 0.0 15.0
132.0 1.0 0.0 0.0 25.0 1.0
20.0 0.0
14.0 25.0 0.0 20.0
13.0 1.0
17.0 54.0 0.0
106.0 9.0 39.0 0.0 0.0
30.0 0.0 1.0 102.0
75.0 39.0 32.0
23.0 44.0 10.0 31.0
31.0 115.0 31.0 34.0 0.0 34.0
79.0 32.0 0.0 33.0 68.0
128.0 126.0 127.0 125.0 0.0 0.0 68.0 79.0
49.0 0.0 25.0 0.0 0.0 56.0 32.0
3.0 32.0 0.0
34.0 0.0 2.0 26.0 0.0
22.0 20.0 7.0 32.0 111.0 0.0
40.0 17.0
153.0 0.0 5.0 26.0 71.0 1.0 0.0 39.0 32.0
36.0 36.0 0.0
0.0 82.0 30.0
125.0 17.0 39.0 0.0
2.0 112.0 25.0 108.0
143.0 0.0 17.0 5.0 0.0 0.0 0.0 0.0 82.0 0.0
119.0 0.0 0.0
120.0 32.0
111.0 0.0
74.0 9.0 0.0
8.0 68.0 51.0 26.0
121.0 0.0 31.0 0.0
3.0 0.0 53.0 41.0 1.0
51.0 32.0 37.0
14.0 1.0
31.0 68.0 0.0 20.0 37.0 72.0 110.0
55.0 32.0 41.0 32.0 7.0
38.0 39.0 0.0
131.0 0.0
1.0 4.0 41.0 0.0 65.0
5.0 19.0 16.0 0.0
140.0 0.0
169.0 0.0 2.0 32.0
81.0 31.0 0.0 20.0 1.0
4.0 7.0 32.0 41.0
47.0 39.0 23.0
28.0 163.0 164.0 32.0 0.0 40.0 0.0
45.0 6.0 23.0 24.0 0.0 17.0 17.0
6.0 24.0 5.0 28.0 19.0 0.0 0.0 31.0
29.0 27.0 0.0 97.0 104.0
1.0 0.0 64.0 20.0 21.0 0.0 64.0
14.0 1.0 0.0 7.0 0.0
47.0 18.0
65.0 0.0 73.0 21.0 101.0
