26.0 50.0 0.0 0.0 0.0 0.0 7.0
34.0 82.0 27.0 7.0 74.0
24.0 0.0 36.0
83.0 1.0 0.0 0.0 2.0 5.0 0.0 1.0
68.0 27.0 13.0 17.0 0.0
48.0 0.0 27.0 99.0 1.0 0.0 80.0 0.0
15.0 27.0
7.0 0.0 0.0
42.0 23.0 0.0 23.0
8.0
45.0 27.0
17.0 0.0
12.0 22.0 0.0 72.0 13.0 0.0
20.0
116.0 0.0 23.0 0.0
31.0 15.0 1.0
57.0 4.0 1.0
23.0 1.0 0.0
11.0 1.0 2.0 0.0 0.0
164.0 60.0 27.0 32.0 0.0
38.0 0.0 17.0
11.0
166.0 0.0 26.0
1.0 38.0 62.0 0.0 1.0 0.0 1.0
147.0 141.0 14.0 0.0 92.0 28.0 5.0 77.0 77.0 22.0
148.0 0.0 68.0
7.0 0.0
89.0 0.0 0.0
71.0 26.0 67.0 0.0 2.0 0.0 23.0
33.0 27.0 0.0 30.0 136.0 6.0 27.0 13.0
2.0 87.0 54.0
1.0 2.0 3.0 111.0 0.0
1.0 0.0 104.0 14.0
86.0 0.0 39.0
1.0 18.0 27.0 7.0 18.0
6.0 49.0 90.0 0.0 14.0 0.0 101.0
1.0 0.0 1.0
22.0 20.0 47.0 35.0 27.0
142.0 17.0 29.0 0.0 80.0
79.0 108.0 64.0 0.0 136.0 0.0 0.0 9.0 51.0 38.0 26.0
75.0 12.0
101.0 2.0 23.0 1.0 23.0
2.0 82.0 0.0 2.0
1.0 51.0 0.0
36.0 126.0 6.0 0.0 27.0 127.0 38.0
51.0 0.0 5.0 0.0
2.0 72.0 0.0 2.0
4.0 1.0 0.0 2.0 0.0 1.0 0.0
58.0 33.0 21.0 0.0 6.0 0.0 53.0
16.0 148.0 28.0 69.0 0.0 1.0 14.0 17.0 0.0 0.0 20.0
14.0 140.0 16.0 28.0 1.0 0.0 27.0 0.0 17.0 62.0 141.0 22.0 108.0
61.0 0.0 1.0 40.0 0.0 0.0
118.0 2.0
22.0 1.0 14.0
7.0 23.0 75.0 2.0
71.0 12.0 17.0 39.0 0.0 0.0
1.0 163.0 0.0
88.0 27.0 7.0
41.0 0.0 52.0
31.0 27.0
66.0 54.0 0.0
68.0 26.0 14.0 0.0 40.0
56.0 28.0 0.0
155.0 14.0 2.0 0.0 2.0
14.0 159.0 28.0 0.0 12.0 1.0 80.0 13.0 1.0
72.0 76.0 0.0 64.0
47.0 21.0 0.0 96.0 5.0
19.0 7.0 0.0 12.0 2.0 21.0
9.0 34.0 27.0
11.0 29.0 0.0 0.0 27.0 14.0 92.0 17.0 9.0
20.0 5.0 27.0 0.0 25.0
87.0 28.0 122.0 40.0 16.0 31.0 12.0 0.0 27.0
35.0 0.0
129.0 0.0 38.0 2.0 36.0 2.0 0.0 54.0
124.0 0.0
42.0 14.0 0.0
59.0 16.0 2.0 0.0 1.0
94.0 2.0 1.0 28.0 0.0 3.0
17.0 2.0 74.0 74.0
10.0 27.0 20.0 25.0 5.0 0.0 27.0 120.0
2.0 98.0
64.0 27.0 32.0 78.0
15.0 15.0 0.0 8.0 5.0
17.0 23.0 16.0
90.0 5.0
52.0 0.0 0.0
84.0 27.0 0.0 31.0 5.0 27.0
13.0 1.0 1.0
44.0 0.0
39.0 0.0 91.0 0.0 17.0 0.0
25.0 161.0 32.0 0.0 5.0 6.0
7.0 17.0 21.0 0.0
23.0 36.0 23.0 0.0 12.0
89.0 39.0 0.0 1.0 22.0
65.0 1.0 0.0 0.0
16.0 1.0
11.0 57.0 0.0 62.0
64.0 27.0 0.0 79.0 12.0
86.0 1.0 0.0 1.0 0.0
51.0 27.0 2.0 1.0
8.0
60.0 3.0 30.0 27.0 32.0
54.0 0.0 48.0 29.0 84.0 28.0 57.0 107.0 27.0
146.0 145.0 28.0 0.0 47.0 90.0 0.0 92.0 49.0 40.0
45.0 0.0
85.0 27.0 0.0
29.0 17.0 51.0 0.0 0.0
7.0 0.0 56.0 60.0
46.0 19.0 12.0 4.0 0.0 0.0 72.0
17.0 0.0 3.0 17.0 0.0
109.0 110.0 41.0 5.0 27.0 0.0 7.0 0.0 44.0 62.0 27.0
73.0 0.0 0.0
2.0 1.0 23.0 0.0
150.0 0.0 2.0 0.0
23.0 0.0 9.0
93.0 27.0 47.0
4.0 19.0 0.0 1.0
18.0 28.0 1.0 0.0 0.0 40.0
162.0 51.0 77.0 0.0 35.0 2.0
120.0 0.0 17.0 14.0 0.0 24.0
157.0 96.0 156.0 0.0 0.0 17.0 127.0 1.0 73.0
29.0 0.0 2.0 0.0 23.0 1.0
111.0 1.0 0.0 1.0 0.0
2.0 0.0 1.0
21.0
81.0 0.0 35.0 27.0 38.0
167.0 47.0 0.0
80.0 22.0 15.0 0.0 57.0 29.0
11.0 29.0 0.0 1.0
106.0 144.0 76.0 0.0 63.0 0.0 20.0
14.0 0.0 2.0 0.0 0.0 1.0
46.0 4.0 7.0 0.0
18.0 1.0 50.0 2.0 22.0 31.0 0.0
37.0 15.0 16.0 72.0 0.0
57.0 0.0 87.0
131.0 5.0 0.0 28.0 17.0 40.0
99.0 17.0 0.0 0.0 12.0
77.0 0.0 130.0 4.0
97.0 0.0 43.0
119.0 17.0 0.0 35.0 0.0 4.0
11.0 21.0 53.0
30.0
132.0 27.0 0.0 103.0 57.0
10.0 25.0 0.0 27.0 0.0
43.0 0.0 0.0
0.0 42.0 17.0
149.0 0.0 22.0 17.0 0.0 36.0 0.0 0.0 12.0 0.0
55.0 123.0 27.0 21.0 0.0 15.0 0.0 41.0 2.0 89.0 57.0 81.0 27.0 28.0 20.0
70.0 35.0 0.0 5.0 0.0
115.0 15.0 9.0 73.0 94.0 0.0 54.0 0.0 21.0 27.0
24.0 88.0
151.0 27.0 29.0
30.0
5.0 127.0 31.0
4.0 12.0 35.0 0.0 2.0 27.0
98.0 1.0 17.0
143.0 15.0 31.0 6.0 0.0 27.0
35.0 0.0 38.0 23.0 0.0 35.0
11.0 117.0 0.0
153.0 1.0 40.0 0.0 17.0 129.0
112.0 0.0 1.0 1.0
22.0 1.0 0.0 27.0
4.0 7.0
51.0 100.0 0.0 0.0
160.0 0.0 44.0 1.0 0.0 17.0
27.0 32.0 135.0 134.0 51.0 0.0 133.0 12.0 0.0 5.0 0.0 64.0 31.0
53.0 0.0 39.0 23.0 1.0 50.0 79.0 57.0
59.0
18.0 0.0 95.0 27.0
21.0
15.0 10.0 0.0
6.0 121.0 9.0 21.0 27.0 5.0 0.0 0.0 25.0
7.0 0.0 2.0 0.0 30.0
95.0 0.0 0.0 57.0
29.0 1.0 20.0 17.0
7.0 0.0 2.0 0.0 0.0
138.0 139.0 137.0 27.0 63.0 0.0 45.0 43.0 0.0 10.0
103.0 0.0 96.0
107.0 1.0 0.0 0.0
17.0 0.0 32.0
13.0 22.0 0.0 1.0
22.0 2.0 12.0
15.0 5.0 0.0
88.0 9.0 0.0 0.0
42.0 0.0 1.0 0.0
58.0 27.0 31.0 50.0
31.0 55.0 48.0 17.0 0.0
17.0 62.0 0.0
69.0 27.0 28.0 0.0
113.0 114.0 102.0 54.0 0.0 0.0 104.0
35.0 0.0 35.0 35.0 22.0 111.0
3.0 0.0 0.0 27.0
11.0 14.0 0.0 29.0 2.0
19.0 57.0 7.0 31.0 79.0
15.0 32.0
125.0 5.0 54.0 0.0 27.0 31.0 0.0 1.0
43.0 154.0 35.0 31.0
51.0 0.0 65.0
49.0 0.0
14.0 1.0 22.0
78.0 0.0 0.0 47.0
67.0 0.0 77.0
105.0 27.0
128.0
62.0 0.0 0.0 9.0
8.0 27.0 27.0 5.0 2.0
152.0 0.0 17.0 0.0 33.0
3.0 2.0 53.0 0.0 1.0
37.0 27.0 5.0
13.0 1.0
158.0 0.0 17.0 27.0 0.0 0.0 0.0 29.0 0.0 23.0
57.0 27.0 57.0
30.0 31.0
165.0 0.0 35.0 0.0 28.0
4.0 1.0 74.0 64.0 1.0
5.0 16.0 0.0 0.0 50.0
96.0 0.0
82.0 0.0
17.0 111.0 0.0 0.0 1.0
4.0 7.0 27.0
31.0 5.0 27.0
25.0 74.0 32.0 0.0 27.0 15.0 27.0 5.0 0.0
34.0 6.0 20.0 21.0 27.0 15.0 0.0 91.0 27.0
6.0 5.0 21.0 0.0 4.0 16.0 126.0 5.0
26.0 24.0 0.0 35.0 77.0 85.0
40.0 1.0 14.0 0.0 1.0
13.0 1.0 0.0
30.0 5.0
56.0 0.0 0.0
