20.0 0.0 42.0 21.0 0.0 0.0 20.0
86.0 22.0
89.0 29.0 24.0 21.0 22.0 34.0
14.0 13.0 0.0 21.0 21.0
61.0 0.0 25.0
39.0 21.0
15.0 22.0 41.0
31.0 26.0 0.0 21.0
95.0 23.0 4.0 0.0
30.0 0.0 22.0
43.0 21.0
0.0 19.0 31.0
118.0 16.0 0.0 21.0 21.0 13.0
17.0 18.0 0.0
69.0 21.0 33.0 21.0
74.0 46.0 15.0 63.0
12.0 13.0
13.0 0.0 97.0 33.0 17.0
8.0 84.0 0.0 21.0 13.0 0.0 0.0
80.0 102.0 22.0 0.0 21.0 88.0 19.0 88.0
40.0 83.0 21.0 0.0 38.0
8.0
125.0 0.0 33.0 22.0 13.0 15.0
40.0 13.0 0.0
113.0 36.0 0.0 114.0 59.0 68.0 21.0
22.0 0.0 66.0
31.0 12.0 66.0 0.0
13.0 0.0 26.0 84.0
99.0 20.0 0.0 21.0 5.0 13.0 47.0
27.0 22.0 21.0 89.0 22.0
63.0 0.0 0.0
13.0 5.0 54.0 19.0 0.0
13.0 0.0 63.0 21.0 21.0 8.0
83.0 21.0 0.0 63.0
13.0 0.0 9.0 26.0 67.0
3.0 55.0 17.0 0.0 15.0 0.0
13.0 0.0
53.0 16.0 0.0
111.0 19.0 21.0 66.0 0.0 57.0 0.0 23.0
82.0 106.0 21.0 0.0 57.0 0.0
25.0 16.0
38.0 13.0 0.0
44.0 66.0 22.0
13.0 0.0 0.0 5.0
166.0 3.0 165.0 22.0 0.0 21.0 5.0
122.0 0.0
44.0 0.0 0.0
38.0 13.0 12.0 0.0 0.0
70.0 27.0 10.0 21.0 0.0 10.0 21.0
116.0 5.0 62.0 0.0 42.0 19.0 18.0 30.0
143.0 5.0 144.0 36.0 13.0 0.0 8.0 22.0 21.0 19.0 8.0 91.0
76.0 13.0 53.0 0.0
79.0 0.0
13.0 28.0 0.0 60.0 48.0
31.0 12.0 0.0
64.0 16.0 19.0
13.0 0.0 8.0 0.0 21.0 0.0 13.0
41.0 22.0 0.0 15.0
7.0 94.0 21.0
65.0 22.0 86.0 19.0
100.0 19.0 21.0
151.0 21.0 21.0
49.0 15.0
127.0 0.0 8.0 0.0 21.0 0.0 0.0 93.0
36.0 153.0 5.0 8.0 0.0 19.0 13.0 8.0 0.0
45.0 48.0 0.0 21.0 60.0
83.0 15.0 10.0 0.0
26.0 12.0 0.0 26.0 21.0 3.0
6.0 22.0 22.0
8.0 23.0 0.0 21.0 19.0 9.0 33.0 0.0
17.0 10.0 16.0 0.0 3.0
98.0 5.0 119.0 0.0 42.0 120.0 12.0 21.0 22.0
37.0 42.0 66.0
147.0 0.0 21.0 40.0 22.0 81.0 42.0
115.0 21.0 84.0 0.0
4.0 0.0 22.0 8.0 0.0 5.0
67.0 0.0
13.0 0.0 54.0 12.0
19.0 63.0 0.0 15.0
90.0 22.0 1.0 17.0 15.0 31.0 0.0 39.0
44.0 0.0
45.0 22.0
17.0 15.0 0.0
18.0 19.0 0.0 31.0
61.0 22.0 15.0 21.0 13.0
29.0 7.0 0.0
155.0 22.0 21.0 22.0 0.0 28.0 0.0 5.0
9.0 13.0 0.0
161.0
117.0 45.0 21.0
11.0 121.0 22.0 0.0 21.0
19.0 12.0 12.0 21.0
33.0 34.0 152.0 21.0
84.0 0.0 14.0
130.0 13.0 21.0 0.0 19.0 0.0 5.0
13.0 5.0 41.0
8.0
45.0 21.0 22.0
38.0 0.0 0.0
25.0 19.0 19.0 0.0 74.0
30.0
72.0 22.0 0.0
81.0 39.0 43.0 0.0 21.0 31.0 0.0
158.0 91.0 42.0 0.0 5.0 21.0 33.0 23.0
43.0 19.0 92.0 22.0
154.0 3.0 22.0 0.0 75.0
23.0 21.0 19.0 12.0
26.0 0.0 38.0
12.0 26.0 22.0 16.0 21.0 12.0 11.0 97.0
54.0 19.0 19.0
32.0 162.0 87.0 22.0 21.0 26.0 0.0 30.0 21.0
54.0 21.0 21.0 21.0
13.0 0.0 48.0 44.0 16.0
85.0 0.0 21.0 21.0 0.0 80.0 21.0
18.0 0.0 12.0 21.0
47.0 72.0 21.0
12.0 44.0 0.0
28.0 13.0 0.0 21.0
51.0 60.0 18.0 0.0
148.0 21.0 0.0 19.0 142.0 21.0
124.0 52.0 123.0 21.0 57.0 21.0 22.0 0.0
33.0 0.0
13.0 96.0 0.0 21.0 18.0
44.0 21.0 0.0
10.0
75.0 71.0 0.0 21.0 22.0 21.0
159.0 21.0 40.0
141.0 0.0 21.0 15.0 0.0 41.0
8.0 21.0 125.0 33.0
109.0 107.0 21.0 108.0 0.0 31.0 61.0 0.0 81.0 22.0
0.0 8.0 36.0
12.0 26.0 0.0 19.0
13.0 63.0 0.0 0.0
48.0 22.0 0.0 34.0
5.0 21.0 36.0 84.0 21.0
150.0 0.0 18.0 22.0 0.0 5.0 21.0
149.0 19.0 22.0 21.0 0.0 3.0
21.0 0.0 142.0 21.0
112.0 21.0 78.0
126.0 21.0 50.0 12.0 0.0 93.0 19.0 19.0
8.0 36.0
2.0 73.0
101.0 7.0 22.0 21.0 0.0 22.0 21.0 79.0 21.0
15.0 11.0 0.0
78.0 31.0 21.0 0.0
0.0 19.0 85.0 109.0 21.0
105.0 21.0 0.0 21.0 12.0 19.0
139.0 138.0 21.0 22.0 34.0 71.0 103.0 19.0 21.0
56.0 0.0 21.0 31.0 22.0 0.0
134.0 96.0 34.0 19.0 21.0 22.0 15.0 0.0 21.0 86.0
17.0 22.0 16.0
146.0 21.0
2.0 0.0
152.0 22.0 15.0
12.0 21.0 30.0 0.0 56.0 28.0
112.0 0.0 15.0 13.0
46.0 17.0 21.0 3.0 0.0 21.0
33.0 0.0 41.0
8.0 93.0 21.0 0.0 21.0 94.0 0.0
13.0 95.0 12.0 0.0 74.0
133.0 41.0 21.0 0.0
53.0 21.0 19.0 0.0
12.0 87.0
57.0 132.0 21.0 31.0 21.0 13.0 0.0 19.0
104.0 21.0 0.0 21.0 0.0 12.0
92.0 129.0 128.0 35.0 22.0 0.0 21.0 15.0 21.0 48.0 0.0 42.0 17.0 30.0 21.0 26.0 0.0
42.0 14.0 16.0 21.0 0.0 21.0 48.0 21.0 17.0
69.0 0.0
28.0 0.0
10.0
15.0 21.0 62.0
6.0 10.0 3.0 22.0 0.0 21.0 0.0 34.0
30.0 12.0 45.0
73.0 42.0 16.0 21.0
33.0
12.0 0.0 0.0 133.0
156.0 157.0 32.0 22.0 19.0 21.0 49.0 0.0 21.0 58.0 12.0
75.0 164.0 21.0 0.0 143.0
60.0 13.0 0.0
19.0 0.0
66.0 53.0 16.0 0.0 0.0
16.0 0.0
34.0 15.0 34.0 0.0 0.0
41.0 46.0 19.0 0.0
4.0 21.0 5.0 0.0
70.0 22.0 109.0 3.0 38.0
35.0 39.0 65.0 77.0
79.0 21.0 19.0 22.0
99.0 0.0 0.0 22.0
136.0 137.0 135.0 52.0 21.0 49.0 31.0
50.0 0.0 21.0 8.0 15.0 22.0
66.0 21.0 0.0 98.0 49.0
23.0 0.0 66.0 0.0 8.0
25.0 12.0 0.0 0.0 21.0
35.0 22.0 3.0
97.0 18.0 22.0 83.0 0.0 22.0 21.0 19.0 16.0
44.0 16.0 9.0 0.0
77.0 21.0 4.0 23.0 8.0 0.0
55.0 31.0
28.0 0.0 5.0 22.0 38.0
37.0 0.0 22.0 21.0
58.0 21.0
47.0 22.0
110.0 21.0 98.0
63.0 56.0 0.0 0.0
30.0 22.0 26.0
94.0 19.0 21.0 0.0 12.0
54.0 0.0 21.0 42.0
63.0 22.0
9.0 13.0
103.0 19.0 0.0 19.0 21.0 0.0 61.0 48.0 41.0
48.0 21.0
2.0 5.0 0.0 22.0
59.0 21.0 0.0 0.0 95.0 21.0 61.0
33.0 13.0 12.0 21.0 0.0 6.0 0.0
1.0 22.0 15.0
85.0 21.0
131.0 0.0 21.0 21.0
145.0 21.0 126.0 53.0 12.0 19.0 21.0
12.0 56.0 76.0 82.0
74.0 22.0 99.0
11.0 140.0 15.0 0.0 22.0 21.0 12.0 0.0
160.0 17.0 3.0 22.0 21.0 5.0
3.0 56.0 15.0 0.0 22.0
24.0 20.0 21.0 0.0
163.0 13.0 0.0 5.0 42.0 0.0 21.0
9.0 13.0 0.0 66.0 0.0
2.0
49.0 88.0 21.0
