28.0 43.0 29.0 30.0 1.0 0.0 17.0
67.0 24.0 27.0
122.0 62.0 39.0 30.0 0.0 13.0 15.0 79.0
17.0 88.0 16.0 0.0 1.0 73.0
71.0 27.0 103.0 4.0
33.0 17.0 30.0 21.0
18.0 6.0 6.0
27.0 7.0 39.0 0.0 17.0
34.0 11.0 0.0 0.0 105.0
46.0 2.0 27.0 24.0
81.0 36.0
27.0 0.0
20.0 137.0 21.0 76.0
24.0 3.0 27.0
141.0 42.0 0.0
22.0 18.0 21.0 51.0
85.0 15.0 16.0
16.0 0.0 17.0 7.0 18.0
0.0 11.0 85.0 30.0 88.0
120.0 119.0 36.0 1.0 69.0 30.0 36.0 0.0 30.0
3.0 30.0 27.0 36.0 23.0 36.0
11.0
95.0 21.0 48.0 1.0
16.0 3.0 0.0 30.0 59.0
99.0 108.0 8.0 0.0 38.0 59.0 7.0 22.0 21.0 16.0 0.0 29.0 80.0
0.0 30.0 72.0 79.0
15.0 0.0 21.0 27.0 29.0 0.0
27.0 16.0 0.0 22.0 54.0 0.0
54.0 20.0 28.0 17.0 17.0 56.0 29.0 0.0
53.0 24.0 64.0 25.0 30.0 0.0 0.0
3.0 0.0 1.0
16.0 21.0
16.0 21.0 17.0 0.0 11.0
64.0 96.0 0.0 17.0 0.0
16.0 12.0 0.0 16.0
4.0 24.0 0.0 30.0 0.0
16.0 0.0
45.0 20.0 108.0
116.0 35.0 27.0 0.0 71.0 27.0 54.0
132.0 131.0 29.0 21.0 10.0 0.0 90.0 8.0 28.0 25.0 30.0
40.0
60.0 16.0 0.0 0.0
58.0 29.0 44.0 17.0 0.0 23.0
0.0 16.0 17.0
156.0 104.0 75.0 0.0 36.0 63.0 0.0 17.0 30.0 4.0 14.0 17.0
79.0 84.0 21.0 0.0
60.0 0.0 25.0 90.0
16.0 15.0 0.0 28.0
68.0 13.0 53.0 0.0 35.0 18.0 21.0 0.0
8.0 7.0 147.0 0.0 29.0 146.0 21.0 74.0
8.0 126.0 10.0 16.0 0.0 36.0 27.0 78.0 8.0 16.0 1.0
16.0 29.0 45.0 17.0 37.0 27.0
86.0
16.0 0.0 99.0 32.0
15.0 7.0 0.0
96.0 20.0 2.0 27.0 102.0
16.0 29.0 0.0 0.0
24.0 5.0 0.0 17.0
10.0 71.0 0.0
153.0 36.0
47.0 29.0 17.0 48.0 20.0
71.0 0.0 30.0 38.0 17.0
7.0 0.0 28.0
0.0 148.0 11.0 0.0 27.0 92.0
8.0 87.0 0.0 124.0 77.0 0.0 48.0 85.0 17.0
32.0 0.0 30.0
61.0 1.0 0.0 2.0
27.0 15.0 0.0 21.0 20.0 44.0
9.0 13.0 36.0 13.0
11.0 61.0 0.0 29.0 30.0 21.0 27.0
24.0 13.0 1.0
121.0 29.0 65.0 0.0 8.0 21.0 59.0 66.0 57.0 51.0 27.0
25.0 21.0 1.0
102.0 36.0 0.0 30.0 47.0
150.0 30.0 21.0 0.0 30.0
0.0 78.0 34.0 13.0 17.0
117.0 0.0 16.0 0.0 17.0
16.0 23.0 0.0 43.0 28.0 0.0
27.0 17.0 3.0 102.0
101.0 21.0 1.0 24.0 29.0 13.0 4.0 0.0 1.0
0.0 60.0
49.0 36.0
89.0 24.0 18.0 0.0
26.0 27.0 0.0 59.0 0.0 21.0
1.0 92.0 15.0
62.0 10.0 0.0
118.0 2.0 0.0 64.0 21.0 24.0 5.0 8.0 40.0 38.0
12.0 16.0 27.0
66.0 0.0
106.0 0.0 20.0 27.0
14.0 2.0 52.0 0.0 29.0 1.0 36.0 4.0 0.0 35.0
27.0
38.0 39.0 16.0 36.0
85.0 0.0
35.0 0.0 16.0 17.0
95.0 16.0
11.0 17.0
49.0 30.0 36.0 0.0 36.0 0.0 20.0
60.0 0.0 0.0
40.0 17.0 27.0
41.0 2.0 0.0
130.0 36.0 0.0
114.0 6.0 41.0 35.0 0.0 21.0 33.0 8.0
105.0 134.0 35.0 0.0 8.0 61.0 54.0 26.0 30.0 17.0 20.0 6.0 17.0 17.0
41.0 31.0 27.0
144.0 41.0 0.0 36.0 0.0
37.0 35.0 59.0 17.0 11.0
44.0 0.0 0.0
44.0 20.0 21.0 15.0 108.0
27.0 65.0 16.0
142.0 143.0 36.0 10.0 0.0 17.0 0.0 18.0 66.0 0.0 22.0
30.0 50.0
0.0 16.0 79.0
93.0 0.0 21.0 17.0 30.0
20.0 26.0 0.0 0.0
92.0 24.0
44.0 15.0 0.0 30.0
55.0 0.0 16.0 17.0 90.0
152.0 10.0 43.0 1.0 45.0 21.0 17.0 0.0
30.0 80.0 21.0 31.0 62.0 0.0 21.0
125.0 98.0 50.0 53.0 2.0 37.0 47.0 0.0 26.0 21.0 20.0 8.0
38.0 0.0 0.0
83.0 16.0 17.0 0.0 0.0
60.0 0.0 54.0 30.0 2.0
13.0 13.0
109.0 48.0 30.0 0.0 30.0
107.0 37.0 17.0 10.0 61.0 30.0 1.0
30.0 89.0 45.0 0.0
11.0 23.0 38.0 96.0 0.0 30.0 16.0
155.0 17.0 90.0 154.0 58.0 20.0 24.0 0.0 20.0
11.0 0.0 0.0 17.0
44.0 27.0 0.0 30.0
17.0 45.0 0.0 16.0
32.0
8.0 14.0 7.0 21.0
123.0 0.0 42.0 26.0 5.0 87.0 1.0 20.0 36.0 74.0
59.0 0.0 0.0 20.0
30.0 62.0 17.0 21.0 0.0 104.0 21.0
57.0 0.0 105.0 21.0
21.0 19.0 0.0 59.0 59.0
11.0 30.0 74.0
2.0 36.0 65.0
110.0 29.0 36.0 21.0 0.0 4.0 46.0 17.0 36.0
18.0 0.0 13.0 5.0 52.0
97.0 58.0 0.0 17.0
90.0 17.0 0.0 27.0
21.0 57.0 30.0 0.0 26.0
140.0 139.0 18.0 21.0 30.0 13.0 56.0 24.0
115.0 0.0 38.0 32.0 15.0
135.0 55.0 6.0 18.0 5.0 39.0 61.0 21.0 0.0
75.0 89.0
75.0 37.0
2.0
1.0 22.0 71.0
15.0 20.0 0.0 21.0 30.0
64.0 0.0
138.0 22.0 24.0 17.0 0.0 30.0 13.0 33.0 4.0
48.0 0.0 3.0 0.0
11.0 50.0 30.0 17.0 30.0 0.0 25.0 81.0 51.0
16.0 100.0 15.0 1.0 0.0
94.0 30.0 20.0 0.0
45.0 17.0 0.0
15.0 20.0 35.0
151.0 51.0 30.0 0.0 17.0 30.0 21.0
158.0 21.0 66.0 17.0 51.0 30.0 0.0
36.0 112.0 63.0 91.0 113.0 0.0 0.0 40.0 24.0 17.0 43.0 79.0 46.0 13.0 20.0 0.0 1.0
17.0 28.0 127.0 21.0 4.0 0.0 79.0
117.0 1.0 82.0
8.0 0.0 55.0
13.0 54.0
18.0 1.0
9.0 52.0 4.0 17.0 13.0 48.0 0.0 36.0
15.0 70.0 2.0
42.0 17.0 20.0 21.0 3.0
38.0 0.0
15.0 0.0 17.0 80.0
70.0 76.0 2.0 24.0 51.0 21.0 27.0 56.0 75.0 36.0 30.0
149.0 21.0 0.0 2.0 16.0 17.0
16.0 103.0 0.0 0.0
27.0 36.0 36.0 0.0 21.0
12.0 17.0 27.0
20.0 50.0 0.0
18.0 1.0
5.0 22.0 36.0 18.0
34.0 8.0 21.0 0.0 30.0
68.0 36.0 4.0 22.0 75.0
72.0 33.0 0.0 114.0 74.0 0.0
74.0 39.0 30.0 31.0 97.0
77.0 0.0 36.0
129.0 73.0 23.0 51.0 128.0 7.0 0.0 0.0
19.0 20.0 0.0 36.0
36.0 0.0
37.0 0.0 0.0 0.0 0.0 11.0
40.0 27.0 0.0 30.0 15.0
22.0 36.0 18.0
111.0 1.0 26.0 36.0 0.0 17.0 24.0 83.0 30.0
58.0 0.0 20.0 26.0 18.0
34.0 35.0 17.0 1.0 51.0 0.0 30.0 0.0
83.0 18.0 41.0 7.0 1.0
43.0 0.0 0.0 19.0
25.0 0.0 51.0 1.0
21.0 157.0
24.0 9.0 30.0 24.0 30.0
145.0 30.0 90.0 45.0
83.0 0.0
46.0
31.0 21.0 0.0 1.0 56.0 20.0
17.0 65.0 0.0 30.0 17.0 36.0 30.0 10.0
32.0 36.0
12.0 16.0
31.0 5.0 27.0 42.0 0.0 29.0 16.0 30.0 36.0
25.0 3.0 30.0 30.0 37.0 27.0
2.0 41.0 13.0
23.0 0.0 17.0
16.0 55.0 0.0 15.0
1.0 84.0 36.0 30.0
102.0 5.0 21.0
136.0 0.0 21.0
21.0 54.0 42.0 27.0 27.0 15.0 0.0
15.0 0.0 36.0 0.0
41.0 1.0 18.0 30.0 1.0
14.0 133.0 69.0 47.0 0.0 21.0 24.0 101.0 42.0 18.0 1.0 0.0
67.0 24.0 13.0 4.0 30.0 18.0 0.0 29.0 0.0
4.0 13.0 4.0 1.0 36.0 0.0 109.0 27.0 27.0
39.0 30.0 17.0 28.0 0.0 0.0 17.0 21.0
16.0 8.0 94.0 0.0 17.0 0.0 0.0
85.0 16.0 0.0 0.0
2.0 41.0 26.0
74.0 51.0 73.0
