30.0 2.0 0.0
21.0 52.0 33.0
28.0 61.0 0.0
131.0 0.0 1.0
121.0 19.0 40.0 21.0 0.0
11.0 33.0 0.0 12.0
18.0 17.0 76.0 33.0
8.0 0.0 0.0 49.0
31.0 13.0 70.0 58.0 0.0
9.0 4.0 10.0
19.0 117.0 0.0
21.0 0.0 32.0 82.0 0.0
14.0 26.0 0.0 98.0 5.0
24.0 0.0 33.0 21.0
130.0 0.0 34.0 0.0
43.0 17.0
43.0 1.0 93.0 5.0
28.0 1.0 48.0 0.0 0.0 18.0 0.0
54.0 13.0 0.0 1.0 61.0 26.0
94.0 71.0 37.0 6.0 33.0 33.0 0.0 0.0 78.0 0.0
67.0 0.0 1.0 122.0 4.0 21.0
13.0
73.0 0.0 0.0
1.0 67.0 0.0 0.0
99.0 97.0 40.0 12.0 77.0 0.0 25.0 1.0
1.0 0.0 105.0
8.0 0.0 20.0
1.0 3.0 20.0 8.0
104.0 30.0 0.0 0.0
47.0 48.0 33.0 43.0 6.0
3.0 33.0
1.0 0.0 4.0
22.0 1.0 0.0 0.0
157.0 0.0 0.0
1.0 0.0 8.0
7.0 24.0 48.0 0.0
1.0 1.0 33.0
26.0 38.0 83.0 88.0
133.0 0.0 0.0 21.0 43.0 19.0
145.0 96.0 116.0 56.0 0.0 0.0 1.0 0.0
84.0 14.0 0.0
31.0 1.0 31.0 3.0 5.0
0.0 64.0 38.0 48.0
0.0 0.0 1.0 40.0
113.0 7.0 61.0 33.0 0.0 22.0 105.0
98.0 0.0 8.0 84.0 14.0
3.0 38.0
5.0 31.0 1.0 0.0 38.0
53.0 25.0 47.0 0.0 80.0 33.0 0.0
20.0 160.0 34.0 41.0 1.0 0.0 0.0
16.0 127.0 20.0 34.0 1.0 0.0 33.0 8.0 0.0 3.0 38.0 21.0
1.0 157.0 0.0 0.0
98.0 21.0
1.0 15.0 38.0
8.0 23.0 19.0
14.0 21.0 0.0 21.0
1.0 78.0 1.0 0.0
83.0 10.0 53.0 33.0
86.0 0.0
43.0 33.0 0.0
129.0 0.0 39.0
83.0 30.0 0.0 34.0 70.0 0.0
48.0 63.0 0.0
3.0 54.0 0.0 0.0
16.0 68.0 34.0 3.0 1.0 48.0 0.0 127.0 59.0 71.0
65.0 0.0
126.0 25.0 0.0 0.0 58.0
5.0 23.0 8.0 0.0 33.0 61.0 14.0
10.0 33.0 25.0
13.0 0.0 35.0 21.0 40.0 6.0
24.0 25.0 6.0 0.0 106.0
128.0 34.0 20.0 0.0 1.0 3.0 68.0 18.0 21.0
23.0 89.0
136.0 3.0 0.0 67.0 126.0
163.0 0.0 0.0 0.0
76.0 3.0 77.0 0.0 104.0
3.0 146.0 1.0 0.0 1.0 28.0
4.0 1.0 0.0 59.0
21.0 0.0 6.0
12.0 33.0 6.0 55.0 65.0 0.0 24.0 10.0 29.0 0.0 3.0 59.0 0.0 5.0
57.0 3.0 0.0
72.0 33.0 6.0
18.0 0.0
20.0 21.0 27.0 0.0 24.0 0.0 0.0
81.0 33.0 0.0
105.0 0.0 28.0 86.0
162.0 33.0 9.0 0.0 3.0
15.0 1.0
46.0 0.0 0.0 0.0
109.0 0.0 21.0 10.0
29.0 80.0 6.0 44.0 0.0 0.0 0.0 50.0 6.0
8.0 25.0 0.0
27.0 28.0 18.0 8.0 33.0
150.0 0.0
125.0 0.0 33.0 1.0 0.0 0.0
1.0 20.0 21.0
108.0 13.0 0.0
72.0 0.0 0.0 33.0
74.0 0.0 85.0 1.0
84.0 15.0 0.0 99.0
9.0
4.0 33.0
39.0 0.0 10.0 70.0 0.0 0.0 35.0 33.0
132.0 110.0 70.0 34.0 50.0 0.0 0.0 4.0 20.0 0.0 0.0
19.0 19.0
91.0 33.0 0.0 0.0 0.0
35.0 40.0 0.0 21.0 0.0 29.0 20.0
8.0 62.0 0.0 0.0 33.0
36.0 23.0 14.0 5.0 0.0 0.0 8.0 0.0
32.0 4.0 0.0 21.0
151.0 37.0 0.0 115.0 6.0 0.0 33.0 8.0 18.0
103.0 0.0
31.0 1.0 0.0 5.0 38.0
124.0 0.0 0.0
27.0 34.0 0.0 0.0 124.0 0.0
146.0 33.0 33.0 106.0
23.0 5.0 0.0
22.0 1.0 0.0 0.0 101.0
112.0 50.0 0.0 21.0
92.0 0.0 28.0
118.0 89.0 57.0 97.0 0.0 75.0 1.0
35.0 0.0 3.0 1.0
10.0 0.0 1.0 1.0 33.0 86.0
57.0 0.0 1.0 0.0
25.0
79.0 0.0 28.0 60.0 0.0 33.0 0.0 38.0 34.0
50.0 0.0 33.0 78.0 40.0 54.0
154.0 0.0 81.0 26.0 33.0 0.0
13.0 35.0 0.0 0.0 43.0
143.0 90.0 144.0 0.0 69.0 24.0 44.0
3.0 0.0 72.0 1.0
36.0 5.0 0.0 13.0
87.0 1.0 22.0 0.0 0.0 1.0
65.0 13.0 12.0 33.0 18.0
100.0 70.0 0.0
40.0 6.0 27.0 0.0 0.0
106.0 21.0 0.0 7.0 73.0 33.0 0.0 1.0
117.0 28.0 0.0 3.0 112.0 105.0 41.0
62.0 0.0
60.0 21.0 0.0 5.0 0.0 30.0 41.0 0.0
13.0 148.0 1.0
41.0 49.0
114.0 0.0 33.0 33.0 0.0 25.0 21.0
12.0 29.0 0.0 94.0
100.0 38.0 0.0 38.0
0.0 76.0 0.0 28.0 111.0 85.0
161.0 0.0 21.0 5.0 26.0 0.0 0.0 0.0 24.0
51.0 158.0 18.0 33.0 0.0 17.0 79.0 0.0 18.0 21.0 21.0 8.0 0.0
42.0 0.0 48.0 5.0 62.0
156.0 18.0 78.0 10.0 155.0 0.0 127.0 28.0 61.0 21.0 126.0 38.0 59.0 30.0
108.0 18.0
122.0 78.0
41.0
6.0 109.0 43.0
5.0 14.0 42.0 0.0 26.0 0.0
119.0 1.0 1.0
17.0 0.0 18.0 7.0 10.0 0.0 0.0
0.0 49.0 14.0 3.0 20.0 0.0
13.0 75.0 0.0 0.0 91.0 0.0 112.0
135.0 1.0 0.0
141.0 38.0 0.0
26.0 1.0 0.0 70.0
5.0 26.0 5.0
137.0 56.0 0.0 113.0
123.0 0.0 46.0 0.0 1.0 32.0
33.0 134.0 49.0 44.0 107.0 0.0 0.0 24.0 38.0 29.0 0.0 14.0 82.0 18.0 37.0
45.0 0.0 2.0 0.0 38.0 94.0 0.0
66.0 1.0 106.0
22.0 3.0 0.0
25.0 13.0
12.0 18.0 18.0 18.0
7.0 159.0 10.0 25.0 0.0 6.0 0.0 0.0
5.0
49.0 0.0 45.0
35.0 1.0 13.0
8.0 14.0 31.0 0.0 70.0 5.0
95.0 56.0 85.0 69.0 0.0 37.0 42.0 14.0 33.0 0.0 57.0 47.0 48.0
147.0 0.0 55.0 77.0
88.0 1.0 0.0 4.0
21.0 0.0 0.0 21.0 0.0
15.0 0.0
84.0 14.0 58.0
20.0 18.0 0.0 0.0 70.0 20.0 38.0 43.0
48.0 10.0 130.0 0.0 1.0
76.0 17.0 0.0 1.0 102.0 0.0
53.0 120.0 10.0 0.0 43.0 7.0
59.0 51.0 11.0 0.0 0.0 24.0
32.0 28.0 18.0 66.0 108.0 0.0
134.0 33.0 0.0 1.0
139.0 138.0 66.0 140.0 39.0 0.0 72.0 78.0
60.0 0.0 0.0
64.0 33.0 4.0 75.0
3.0 35.0 0.0 114.0 1.0 0.0
23.0 8.0 0.0
44.0 43.0 18.0
6.0 39.0 152.0 0.0 6.0 1.0 29.0
38.0 0.0 72.0
0.0 58.0
82.0 10.0 18.0 33.0
3.0 21.0 43.0 5.0
74.0 0.0 0.0
149.0 0.0 0.0 7.0
93.0 33.0 10.0 0.0
153.0 59.0 72.0
108.0 0.0 100.0
9.0 37.0 55.0
142.0 0.0 32.0
4.0 0.0 45.0 0.0
33.0 65.0
15.0 1.0
32.0 165.0 0.0 21.0 49.0 0.0
74.0 0.0 33.0
48.0 43.0
164.0 0.0 14.0 0.0 20.0 1.0
1.0 5.0 53.0 1.0 0.0 48.0
6.0 20.0 0.0 24.0 0.0 0.0
78.0 0.0
111.0 0.0 0.0 3.0 0.0
101.0 0.0 21.0 64.0 1.0 110.0
5.0 8.0 33.0
55.0 43.0 0.0 6.0 33.0
29.0 87.0 148.0 33.0 0.0 0.0 115.0 21.0
52.0 7.0 24.0 25.0 18.0 0.0 0.0
7.0 42.0 61.0 0.0 25.0 34.0
30.0 28.0 0.0 107.0 0.0 18.0
1.0 0.0 41.0 38.0 0.0 60.0 101.0
15.0 1.0 0.0 54.0
55.0 135.0
63.0 85.0 0.0 70.0
