26.0 47.0 0.0 68.0 88.0
34.0 117.0 27.0 17.0
24.0 36.0 0.0 0.0
96.0 1.0 0.0 2.0 14.0 1.0 0.0 59.0 112.0 0.0
99.0 17.0
45.0 0.0
15.0 27.0
7.0 0.0
80.0 23.0 116.0 41.0 0.0
8.0 17.0
43.0 0.0
17.0 17.0 0.0
12.0 22.0 67.0 44.0 0.0 7.0 40.0 5.0
20.0 27.0 23.0 28.0 0.0
143.0 23.0 0.0 52.0
31.0 15.0 1.0 11.0
4.0 1.0
1.0 23.0 0.0 23.0 8.0
11.0 1.0 63.0 28.0 0.0 2.0 97.0
138.0 137.0 27.0 0.0 0.0
38.0 0.0 27.0 5.0
11.0 14.0
68.0 70.0 0.0 67.0
38.0 1.0 0.0 31.0 115.0 8.0 0.0
86.0 130.0 0.0 28.0 27.0 5.0 91.0 14.0 27.0 0.0
59.0 0.0 23.0
7.0 0.0
59.0 7.0 14.0
55.0 26.0 0.0 49.0
33.0 27.0 43.0 125.0 59.0 17.0 0.0
2.0 71.0
1.0 27.0 0.0
1.0 6.0 18.0 0.0
125.0 0.0 53.0 27.0 17.0
1.0 13.0 0.0 15.0 78.0 52.0
6.0 46.0 0.0 28.0 0.0 27.0 0.0
1.0 0.0
22.0 71.0 0.0 1.0 17.0 54.0
77.0 17.0 0.0 0.0 35.0
141.0 140.0 53.0 0.0 0.0
61.0 12.0
85.0 2.0 1.0
60.0 0.0 22.0
1.0 2.0 0.0 1.0 7.0
36.0 114.0 6.0 0.0 54.0 27.0 35.0
67.0 99.0
2.0 104.0 105.0 82.0 12.0 0.0 64.0
4.0 2.0 1.0 0.0 82.0 0.0 2.0
51.0 33.0 21.0 0.0 68.0 28.0 0.0 0.0 15.0
16.0 106.0 28.0 78.0 0.0 1.0 28.0 75.0 2.0 54.0 23.0 27.0 0.0 0.0 1.0 37.0
14.0 159.0 16.0 28.0 0.0 1.0 17.0 27.0 7.0 74.0
104.0 1.0 0.0
79.0 116.0 0.0
1.0 22.0 0.0 21.0
7.0 23.0 0.0
55.0 12.0 39.0 77.0 0.0
1.0 96.0 67.0 0.0 0.0 13.0
69.0 27.0
40.0 48.0 0.0 0.0
31.0 27.0 2.0
40.0 155.0 0.0 60.0 28.0
133.0 26.0 0.0 133.0 56.0
28.0 101.0 0.0
134.0 14.0 2.0 0.0 0.0
14.0 149.0 28.0 12.0 1.0 148.0 0.0 0.0 7.0 137.0 2.0
37.0 0.0
111.0 21.0 0.0 0.0
19.0 7.0 0.0 2.0 12.0 0.0 8.0
9.0 34.0 27.0
11.0 29.0 0.0 17.0 19.0 23.0
20.0 34.0 27.0 21.0 15.0 98.0
93.0 28.0 16.0 12.0 0.0 21.0 1.0 7.0 23.0
19.0 43.0
87.0 2.0 0.0 0.0
156.0 0.0 76.0
41.0 14.0 145.0 0.0 0.0 1.0 49.0
52.0 16.0 0.0 14.0 1.0
90.0 2.0 1.0 28.0
17.0 2.0 55.0
10.0 20.0 25.0 5.0 27.0 27.0 37.0 5.0 0.0
2.0
110.0 27.0 53.0
15.0 63.0 0.0
17.0 16.0 79.0 23.0 76.0
99.0 5.0 0.0
48.0 0.0 2.0
56.0 27.0 37.0 55.0 0.0 27.0 0.0 2.0 78.0
13.0 1.0 116.0
66.0 0.0 0.0
39.0 57.0 0.0 17.0 0.0
25.0 124.0 32.0 5.0 0.0
7.0 17.0 21.0 44.0
23.0 23.0 23.0 60.0 27.0
148.0 49.0 0.0 103.0 39.0 0.0
54.0 0.0 1.0 104.0 0.0 0.0 2.0
16.0 1.0 98.0 22.0
11.0 0.0
53.0 0.0
94.0 1.0 0.0
61.0 106.0 2.0
8.0 0.0
3.0 27.0 11.0
84.0 45.0 56.0 0.0 64.0 0.0 27.0 2.0 0.0
146.0 147.0 28.0 0.0 63.0 16.0 23.0 75.0 0.0
43.0 56.0
105.0 27.0 0.0
29.0 62.0 0.0 17.0 0.0 0.0 129.0
7.0 0.0 44.0 123.0 7.0
44.0 19.0 12.0 27.0 86.0
17.0 3.0 1.0 0.0
92.0 126.0 40.0 5.0 27.0 86.0 0.0 7.0 35.0
98.0 0.0
2.0 23.0 1.0 1.0 1.0
108.0 0.0 2.0 2.0
23.0 0.0 59.0
64.0 15.0 1.0
4.0 19.0 0.0 90.0 44.0
18.0 28.0 0.0 1.0
50.0 0.0 23.0 47.0 0.0 79.0 13.0
162.0 0.0 17.0
76.0 102.0 142.0 2.0 0.0 0.0 15.0 44.0
29.0 0.0 1.0 0.0 23.0
59.0 1.0 0.0 98.0
2.0 0.0 1.0 2.0
21.0
91.0 0.0 35.0 40.0 44.0
160.0 0.0 35.0 27.0
119.0 15.0 0.0 0.0 94.0
11.0 115.0 0.0 29.0
121.0 120.0 122.0 0.0 57.0 87.0 83.0
14.0 0.0 0.0 1.0 35.0
44.0 7.0 0.0 0.0 8.0 0.0
18.0 1.0 2.0 0.0 27.0
37.0 53.0 27.0
86.0 27.0 0.0
62.0 0.0 5.0 28.0 54.0 0.0 0.0 0.0 112.0
70.0 17.0 0.0 20.0 0.0 17.0
68.0 0.0 139.0 0.0
107.0 0.0
144.0 17.0 35.0 0.0 4.0 27.0 0.0
11.0 15.0
30.0
135.0 40.0 0.0 27.0 27.0 0.0 0.0
10.0 0.0 6.0 25.0 61.0
42.0 0.0
0.0 17.0 102.0
73.0 17.0 0.0 55.0 105.0 0.0 18.0 55.0
65.0 100.0 21.0 15.0 27.0 0.0 109.0
58.0 0.0 117.0
75.0 9.0 57.0 90.0 17.0 47.0 15.0 0.0 34.0 15.0 0.0 2.0 70.0
15.0 20.0 109.0
150.0 2.0 97.0
30.0
5.0 123.0 31.0 100.0
12.0 0.0 4.0 7.0 35.0 17.0 2.0
145.0 23.0 14.0 0.0 27.0
161.0 15.0 31.0 6.0 0.0 27.0 0.0 113.0 2.0 1.0
35.0 0.0 0.0 11.0 23.0
11.0 115.0 0.0 0.0
118.0 1.0 4.0 0.0 0.0
127.0 0.0 0.0 12.0 0.0 0.0
22.0 0.0 0.0 1.0 17.0 0.0
4.0 7.0 19.0
163.0 72.0 0.0 0.0 0.0 114.0 18.0 63.0 17.0
132.0 66.0 0.0 0.0 40.0
27.0 32.0 152.0 153.0 151.0 0.0 12.0 15.0 10.0 49.0
49.0 0.0 39.0 1.0 0.0 23.0 2.0 1.0 0.0
52.0 94.0
18.0 0.0 0.0 14.0 28.0 50.0
21.0
15.0 10.0 0.0
6.0 129.0 9.0 21.0 27.0 25.0 0.0 5.0 21.0 0.0 6.0 0.0 0.0
7.0 4.0 8.0
74.0 49.0 0.0
29.0 23.0 1.0 2.0
7.0 2.0 44.0 1.0
158.0 72.0 157.0 27.0 67.0 0.0 117.0 0.0 71.0 73.0 98.0 120.0
88.0 23.0 0.0 98.0
1.0 104.0 0.0
17.0 0.0 0.0
22.0 13.0 0.0 0.0 17.0
39.0 1.0
15.0 53.0 5.0 0.0 46.0
69.0 9.0 17.0 0.0 11.0 15.0
41.0 0.0 1.0
51.0 31.0 27.0
31.0 45.0 65.0 0.0 0.0 27.0
26.0 17.0 0.0 28.0
125.0 28.0 27.0 0.0 0.0
71.0 128.0 95.0 0.0 60.0 76.0 7.0
35.0 23.0 0.0 53.0
97.0 0.0
14.0 29.0 23.0 0.0 27.0
19.0 38.0 94.0 0.0 27.0 0.0 7.0
32.0 15.0 15.0
89.0 5.0 0.0 56.0 27.0 23.0 0.0
42.0 60.0 39.0 107.0
131.0 0.0 54.0 111.0 49.0 102.0
46.0
14.0 1.0
81.0 0.0 0.0 21.0
78.0 0.0
64.0 27.0 5.0
82.0 0.0
59.0 0.0 63.0
8.0 5.0 81.0
136.0 0.0 17.0 23.0 0.0
3.0 2.0 0.0 1.0 49.0 93.0
37.0 27.0 5.0 43.0 75.0
13.0 1.0
112.0 17.0 43.0 27.0 0.0 13.0 0.0
94.0 27.0 0.0
30.0 31.0
117.0 0.0 0.0 1.0 0.0
4.0 1.0 23.0 1.0 21.0 2.0
5.0 16.0 17.0 0.0 22.0
74.0 0.0
123.0 0.0 0.0 0.0
17.0 154.0 0.0 0.0 27.0 55.0 58.0
4.0 7.0 23.0 0.0
31.0 27.0 0.0
25.0 103.0 32.0 27.0 0.0 13.0 63.0 17.0 27.0 42.0 15.0
34.0 6.0 21.0 27.0 15.0 0.0 23.0 0.0 21.0 30.0
6.0 5.0 21.0 58.0 0.0 17.0 78.0 0.0
26.0 24.0 0.0 0.0 2.0
83.0 1.0 0.0 0.0 39.0
13.0 1.0 0.0 0.0
30.0 5.0 56.0 35.0 68.0
101.0 0.0
