29.0 71.0 0.0 0.0
41.0 31.0
27.0 43.0 174.0 0.0 64.0 0.0
143.0 1.0 0.0 1.0 0.0
91.0 18.0 0.0 43.0
10.0 0.0 24.0 37.0 32.0
17.0 13.0
7.0 0.0 25.0 20.0 64.0 0.0 43.0
52.0 26.0 0.0 12.0 102.0 0.0 0.0
8.0 36.0 0.0
18.0 31.0
20.0 30.0 0.0 0.0 73.0
13.0 25.0 0.0 64.0
17.0 0.0 31.0 44.0 0.0
95.0 0.0
37.0
72.0 1.0 4.0 31.0
1.0 26.0 1.0 0.0 17.0
12.0 0.0 68.0 2.0 32.0 0.0 1.0 20.0
150.0 34.0 31.0 64.0 0.0 96.0 0.0
45.0 0.0 20.0 106.0
12.0
79.0 0.0 73.0
1.0 45.0 0.0 1.0 0.0 0.0 0.0
146.0 51.0 0.0 76.0 15.0 17.0 32.0 18.0
39.0 0.0
7.0 0.0 4.0
1.0 0.0 29.0
80.0 29.0 0.0 32.0
40.0 31.0 64.0 1.0 0.0 18.0 79.0
2.0 21.0 0.0 94.0
1.0 0.0 25.0 31.0
21.0 0.0 1.0 0.0 4.0 7.0
100.0 0.0 89.0 0.0
1.0 78.0 0.0
6.0 64.0 5.0 0.0 47.0 76.0 0.0
1.0
25.0 13.0 20.0 0.0
86.0 20.0 0.0 0.0 0.0
120.0 121.0 122.0 0.0 57.0 13.0 99.0 83.0
67.0 13.0
47.0 1.0 52.0
66.0 0.0 2.0 109.0
0.0 1.0 0.0
138.0 43.0 0.0 139.0 31.0 6.0 70.0 0.0 0.0 21.0
94.0 107.0 77.0
2.0 0.0 44.0
4.0 1.0 47.0 0.0 88.0
92.0 40.0 24.0 0.0 0.0 95.0
19.0 133.0 32.0 0.0 66.0 20.0 0.0 1.0 92.0 26.0 2.0 1.0 59.0 31.0
15.0 135.0 19.0 32.0 0.0 7.0 1.0 33.0 0.0 20.0 31.0 0.0 14.0
171.0 1.0 0.0 0.0
101.0 35.0 20.0 0.0 45.0
0.0 1.0 1.0 83.0 0.0
7.0 26.0
80.0 13.0 20.0 0.0
1.0 72.0 0.0 0.0
60.0 31.0 0.0
50.0 0.0 0.0
37.0 31.0 55.0 0.0
108.0 0.0 89.0
128.0 29.0 0.0 0.0 25.0
32.0 58.0 0.0
68.0 15.0 2.0 0.0 88.0
15.0 123.0 32.0 1.0 0.0 62.0 4.0 20.0 0.0 92.0
44.0 0.0 68.0
53.0 24.0 0.0 0.0 31.0 28.0 0.0
22.0 7.0 0.0 13.0 2.0 67.0
9.0 31.0 41.0
12.0 0.0 33.0 32.0 0.0
23.0 24.0 76.0 31.0
99.0 32.0 19.0 0.0 97.0 48.0 1.0 109.0 1.0 0.0
25.0 26.0 0.0
168.0 2.0 0.0 45.0 3.0
125.0 0.0 0.0 0.0
52.0 2.0 0.0 86.0
63.0 2.0 0.0 19.0 96.0
49.0 1.0 2.0 1.0 0.0
20.0 2.0 0.0 37.0
11.0 31.0 23.0 28.0 5.0 0.0 74.0 44.0 31.0 1.0
2.0 37.0 0.0
94.0 57.0 31.0 94.0
17.0 0.0
20.0 26.0 19.0 0.0 0.0
64.0 5.0 0.0 0.0
167.0 0.0 50.0 43.0 29.0 36.0
55.0 31.0 35.0 81.0 0.0 31.0
14.0 1.0
162.0 0.0 0.0
46.0 0.0 20.0
28.0 61.0 5.0 38.0 0.0 61.0
7.0 20.0 24.0 0.0 20.0 0.0 30.0
17.0 26.0 4.0 26.0
78.0 0.0 42.0 32.0
144.0 0.0 1.0 0.0 63.0 0.0 0.0
19.0 1.0 1.0 142.0
12.0 0.0 0.0
57.0 0.0
101.0 2.0 0.0 62.0 76.0
67.0 1.0 1.0 0.0 7.0
8.0
3.0 31.0 33.0 0.0
59.0 10.0 31.0 0.0 55.0
160.0 161.0 159.0 32.0 0.0 53.0 69.0 51.0 0.0
18.0 86.0 36.0 95.0 31.0
136.0 31.0 0.0 18.0 51.0
33.0 20.0 0.0 0.0
7.0 41.0 0.0
51.0 22.0 13.0 4.0 7.0 0.0 0.0
30.0 35.0 20.0 0.0 3.0 13.0
104.0 34.0 129.0 50.0 0.0 31.0 7.0 0.0 27.0
49.0 0.0 75.0 31.0
2.0 1.0 0.0 26.0 4.0 0.0
109.0 0.0 2.0 77.0 77.0 0.0
26.0 0.0 18.0
82.0 17.0
22.0 4.0 73.0 0.0
21.0 0.0 32.0 32.0 1.0
142.0 0.0 71.0
90.0 0.0 77.0 0.0 0.0
114.0 98.0 74.0 2.0 25.0 0.0 30.0 0.0 6.0 20.0
69.0 1.0 33.0 12.0 1.0
117.0 0.0 1.0 0.0
2.0 77.0 0.0
24.0
164.0 0.0 31.0 43.0 20.0 0.0
163.0 0.0 0.0 101.0
172.0 0.0 10.0 31.0 4.0
33.0 12.0 0.0 24.0 47.0
131.0 130.0 132.0 75.0 0.0 12.0 59.0
2.0 0.0 12.0
87.0 4.0 7.0 0.0
21.0 1.0 0.0 2.0 103.0
44.0 17.0 5.0
99.0 68.0 0.0
73.0 0.0 5.0 51.0 31.0
115.0 20.0 0.0 104.0
153.0 154.0 0.0 80.0 0.0
173.0 0.0 74.0 20.0 0.0
77.0 42.0 20.0 4.0 0.0
12.0 4.0 20.0 24.0
36.0
112.0 31.0 0.0
11.0 61.0 31.0 0.0 76.0 0.0 0.0
111.0 0.0 4.0
41.0 20.0 0.0
145.0 0.0 4.0 80.0 50.0 0.0 0.0
141.0 140.0 31.0 17.0 0.0 16.0 0.0 34.0 35.0
93.0 0.0 4.0 55.0 104.0
81.0 17.0 9.0 152.0 49.0 0.0 31.0 29.0
17.0 14.0
117.0 0.0
36.0 71.0 35.0
5.0 148.0 37.0 17.0 0.0
4.0 0.0 13.0 67.0 59.0 7.0 73.0 0.0
149.0 26.0 0.0
16.0 17.0 0.0 31.0 37.0 6.0 0.0 0.0 2.0 5.0 0.0
67.0 0.0 0.0 12.0 51.0
12.0 110.0 0.0 0.0 0.0 0.0
124.0 1.0 0.0 4.0 0.0
155.0 0.0 33.0 108.0
25.0 1.0 0.0 0.0 20.0
4.0 108.0
54.0 116.0 0.0
126.0 0.0 1.0 0.0
31.0 156.0 38.0 158.0 0.0 157.0 23.0 57.0 37.0 0.0 85.0 0.0 2.0
39.0 0.0 46.0 1.0 26.0 0.0 71.0 35.0 2.0 83.0 10.0
63.0
21.0 0.0
24.0
11.0 17.0 11.0
6.0 127.0 9.0 24.0 5.0 31.0 0.0 10.0
4.0 64.0 11.0
137.0 39.0 0.0 1.0 0.0 0.0
33.0 0.0 2.0
7.0 51.0 47.0 0.0 22.0
147.0 54.0 56.0 55.0 5.0 31.0 0.0 20.0 11.0 37.0 0.0
170.0 0.0
107.0 1.0 0.0 84.0
20.0 0.0 3.0 0.0
25.0 0.0 1.0 13.0 72.0
13.0 51.0 2.0
17.0 5.0 0.0
60.0 1.0 0.0
52.0 0.0 64.0 52.0 1.0
92.0 31.0 37.0
76.0 10.0 37.0 23.0 6.0
77.0 17.0 0.0 30.0
105.0 57.0 0.0 31.0
119.0 118.0 66.0 0.0 54.0 64.0 33.0
42.0 0.0 0.0 26.0 4.0 0.0
3.0 0.0
2.0 33.0 19.0 0.0 17.0
22.0 72.0 7.0 20.0 0.0 45.0
38.0 17.0 37.0
134.0 5.0 31.0 113.0 0.0 59.0 73.0 0.0 1.0 37.0 28.0 0.0 38.0 39.0
35.0 0.0 111.0 88.0 13.0
165.0 52.0 0.0
89.0 37.0
20.0 2.0 73.0
88.0 0.0 0.0 5.0 0.0
0.0 75.0
65.0 31.0
113.0
151.0 0.0
8.0 31.0 21.0
166.0 30.0 0.0 0.0 70.0 73.0 4.0
3.0 2.0 39.0 0.0 1.0 35.0 97.0
44.0 31.0 17.0
14.0 1.0 21.0
30.0 49.0 56.0 0.0 4.0 36.0 99.0 0.0 31.0 20.0 0.0
62.0 31.0 138.0 0.0 31.0
36.0 32.0 18.0 0.0
69.0 0.0 51.0 1.0 0.0
1.0 4.0 0.0 89.0 60.0
5.0 19.0 0.0
91.0 40.0 0.0
83.0 0.0 85.0 0.0
85.0 20.0 30.0 0.0 51.0 2.0 0.0 0.0 4.0
4.0 7.0 20.0
70.0 31.0 1.0 0.0
28.0 103.0 169.0 31.0 38.0 0.0 23.0
41.0 6.0 23.0 24.0 0.0 17.0 31.0 0.0
6.0 24.0 5.0 0.0 36.0
29.0 27.0 0.0 0.0 0.0
1.0 48.0 0.0 62.0 19.0
14.0 1.0 0.0
96.0 36.0 51.0 26.0 5.0
58.0 0.0 5.0
