20.0 21.0 0.0 45.0 22.0
99.0 22.0
104.0 29.0 24.0 21.0 3.0 21.0
14.0 21.0 13.0 0.0 0.0 21.0
99.0
42.0 21.0 47.0 0.0 21.0 21.0
15.0 50.0
31.0 26.0 21.0 0.0 21.0 21.0 99.0
103.0 23.0 0.0
30.0 21.0 2.0
46.0 21.0 111.0
19.0 19.0 0.0 0.0
163.0 16.0 21.0 0.0 16.0 89.0 4.0
17.0 0.0
153.0 56.0 21.0 56.0 21.0 9.0
47.0 50.0 15.0 43.0 36.0 22.0
12.0 80.0 13.0
22.0 13.0 0.0 102.0
8.0 71.0 13.0 0.0 5.0 0.0
155.0 154.0 22.0 21.0
43.0 94.0 21.0 21.0 75.0
8.0
76.0 0.0 19.0
43.0 13.0 0.0 21.0 0.0
91.0 37.0 0.0 73.0 90.0
0.0 83.0
31.0 0.0 0.0 21.0
13.0 0.0 26.0
82.0 20.0 21.0 0.0 0.0 21.0
27.0 22.0 2.0 21.0 19.0
0.0 60.0
13.0 0.0 21.0 100.0
13.0 21.0 0.0 12.0
85.0 21.0 21.0 0.0 141.0
13.0 100.0
3.0 58.0 17.0 0.0 15.0 0.0 0.0 35.0 0.0 76.0
13.0 0.0 0.0
36.0 16.0 19.0
97.0 19.0 21.0
134.0 133.0 21.0 5.0 0.0 0.0 82.0
25.0 16.0 109.0 92.0
41.0 0.0 13.0 98.0 19.0
48.0 100.0 21.0 0.0
13.0 0.0 80.0
84.0 3.0 126.0 71.0 22.0 0.0 0.0 21.0 0.0
53.0 0.0
48.0 0.0 39.0 21.0
41.0 13.0 12.0 0.0 0.0 55.0
161.0 27.0 10.0 21.0 0.0 0.0
83.0 19.0 5.0 69.0 45.0 39.0 0.0 96.0 23.0 8.0 79.0
72.0 5.0 125.0 0.0 37.0 13.0 61.0 19.0 12.0 22.0 0.0 43.0
36.0 13.0 0.0
94.0
13.0 38.0 13.0 56.0
31.0 0.0
62.0 16.0 19.0 21.0
13.0 0.0 12.0 19.0
44.0 17.0 0.0 15.0
7.0 21.0 21.0
47.0 22.0 0.0 92.0 21.0 19.0
78.0 21.0 21.0 70.0 29.0 60.0
112.0 21.0
55.0 5.0 21.0
150.0 0.0 8.0 0.0 21.0
37.0 101.0 5.0 8.0 0.0 36.0 19.0 0.0 12.0
16.0 23.0 0.0 100.0
77.0 15.0 10.0 0.0 0.0
26.0 12.0 0.0 21.0
6.0 44.0 3.0 22.0
8.0 23.0 21.0 19.0 0.0 0.0 7.0 0.0
17.0 10.0 0.0
152.0 87.0 5.0 151.0 0.0 45.0 0.0 3.0 45.0 0.0
68.0 26.0
147.0 21.0 0.0 52.0 21.0 70.0 74.0
162.0 21.0 0.0 31.0 122.0 90.0
4.0 0.0 67.0
105.0 0.0 21.0
13.0 0.0 100.0 100.0 0.0
19.0 62.0 0.0 21.0
136.0 22.0 1.0 17.0 15.0 80.0
48.0 0.0
49.0 22.0
17.0 15.0 0.0
18.0 19.0 0.0 31.0 100.0
57.0 22.0
29.0 7.0 0.0 12.0
117.0 19.0 22.0 0.0 47.0 0.0 36.0
9.0 13.0
115.0 21.0 21.0
100.0 0.0 21.0 93.0 26.0 60.0
11.0 70.0 22.0 0.0 3.0 0.0 22.0 0.0 56.0 12.0 125.0
19.0 31.0
33.0 22.0 100.0
129.0 0.0 16.0 18.0 21.0
75.0 21.0 0.0 13.0 21.0 39.0 21.0 5.0 18.0 3.0
13.0 5.0
8.0 0.0 56.0 36.0
49.0 21.0 22.0
41.0 0.0
25.0 26.0 40.0
30.0
61.0 22.0 0.0
74.0 21.0 42.0 141.0 0.0 61.0 56.0 21.0 75.0
140.0 139.0 5.0 21.0 45.0 0.0 11.0 5.0 141.0 21.0 13.0 5.0 131.0 19.0
46.0 33.0 19.0 0.0
92.0 15.0 0.0 22.0 0.0 0.0
23.0 21.0 56.0 19.0 8.0 0.0 22.0 21.0 56.0
26.0 12.0 0.0 0.0
12.0 26.0 21.0 87.0 22.0 62.0 0.0
54.0 19.0 13.0 80.0
32.0 102.0 143.0 21.0 22.0 26.0 21.0 21.0
77.0 21.0 21.0 0.0
13.0 56.0 0.0
144.0 21.0 0.0 0.0 21.0 21.0 15.0 0.0
18.0 0.0 21.0 3.0 85.0
51.0 13.0 15.0 17.0
12.0 0.0 21.0
28.0 5.0 0.0 13.0 13.0 90.0
87.0 0.0 119.0 0.0 18.0
71.0 21.0 0.0 19.0 52.0 29.0 21.0 0.0
124.0 122.0 123.0 21.0 38.0 13.0 77.0 0.0 100.0
33.0 0.0 0.0
13.0 103.0 0.0 21.0
48.0 0.0 13.0 21.0
10.0
164.0 165.0 21.0 0.0 22.0 0.0 0.0 21.0 0.0
159.0 21.0 64.0 21.0
135.0 21.0 36.0 0.0 44.0 15.0
8.0 21.0 21.0 13.0
145.0 66.0 21.0 88.0 21.0 0.0 142.0 21.0
0.0 8.0 0.0 8.0
26.0 12.0 0.0
101.0 13.0 0.0 0.0
80.0 22.0 16.0
82.0 5.0 74.0 21.0
65.0 18.0 0.0 22.0 19.0 0.0
40.0 19.0 0.0 0.0 3.0 21.0 9.0
111.0 21.0 0.0 21.0 0.0
67.0 21.0 16.0
86.0 21.0 19.0 12.0 0.0 64.0 0.0 19.0 0.0 0.0
8.0 0.0 12.0
2.0
127.0 7.0 22.0 21.0 75.0 23.0 62.0 0.0
15.0 0.0 70.0
110.0 47.0 19.0
19.0 0.0 0.0 43.0 14.0
52.0 21.0 0.0 21.0 67.0 19.0 18.0 0.0
131.0 89.0 132.0 21.0 22.0 34.0 36.0
53.0 32.0 0.0 21.0 100.0
96.0 81.0 34.0 19.0 24.0 21.0 21.0 22.0 77.0 46.0 8.0
17.0 21.0
146.0 21.0 6.0
2.0 0.0
95.0 22.0 84.0 17.0
12.0 0.0 21.0 65.0 0.0
67.0 0.0 21.0 0.0
50.0 17.0 21.0 3.0 22.0 0.0 143.0 12.0 54.0
33.0 0.0 64.0 0.0
8.0 113.0 21.0 0.0 92.0
12.0 13.0 103.0 0.0 21.0
128.0 36.0 21.0 0.0
119.0 21.0 36.0 13.0 0.0 19.0 21.0 99.0
12.0 61.0
120.0 60.0 21.0 45.0 13.0 0.0 1.0
109.0 21.0 103.0 0.0 13.0 56.0
158.0 156.0 157.0 35.0 22.0 0.0 21.0 15.0 56.0 0.0
45.0 0.0 14.0 21.0 56.0 13.0 16.0 0.0
40.0 13.0 1.0 56.0 71.0
28.0 0.0 13.0
10.0 77.0
15.0 15.0
6.0 10.0 3.0 22.0 21.0 0.0 0.0 37.0
69.0 12.0
56.0 21.0
33.0 0.0
12.0 0.0
59.0 130.0 32.0 38.0 22.0 19.0 21.0 95.0 0.0 21.0 22.0 21.0
160.0 0.0 62.0 21.0 0.0
93.0 13.0 0.0
19.0 0.0
56.0 9.0 0.0 19.0
16.0 0.0
34.0 15.0 22.0 0.0
44.0 19.0 36.0
4.0 0.0 5.0 21.0 0.0
47.0 20.0 22.0 68.0 115.0 100.0
42.0 30.0 0.0
138.0 21.0 19.0 21.0
53.0 0.0 30.0 0.0
106.0 38.0 107.0 21.0 31.0 60.0 21.0 18.0 63.0
64.0 21.0 0.0 21.0 21.0
48.0 21.0 143.0 15.0 0.0
23.0 0.0 21.0
25.0 0.0 21.0 12.0
35.0 15.0 47.0
79.0 18.0 22.0 0.0 21.0 34.0
116.0 16.0 0.0 13.0
108.0 21.0 0.0
58.0 47.0
28.0 75.0 86.0
39.0 0.0 22.0 21.0 80.0
89.0 21.0
51.0 22.0
137.0 137.0 22.0
142.0 0.0 19.0
30.0 22.0
68.0 19.0 21.0 0.0 43.0 0.0
54.0 0.0 21.0 13.0 45.0 21.0
62.0 22.0 59.0
9.0 13.0
98.0 19.0 0.0 21.0 21.0 56.0
39.0 21.0 56.0
2.0 47.0 0.0
148.0 21.0 0.0 36.0
13.0 33.0 13.0 0.0 73.0
1.0 22.0 50.0
63.0 21.0
149.0 0.0 21.0 141.0 0.0
76.0 19.0 21.0 33.0 36.0 100.0 89.0 37.0
12.0 0.0 41.0 35.0
114.0 22.0
11.0 121.0 15.0 3.0 22.0 0.0 21.0 0.0 119.0 54.0
118.0 17.0 3.0 22.0 21.0 42.0 21.0 0.0 17.0 21.0 12.0
3.0 53.0 10.0 0.0 5.0 21.0
24.0 20.0 21.0 0.0 0.0
36.0 13.0 56.0 21.0 21.0
48.0 13.0 5.0 80.0 19.0 0.0
2.0 22.0
55.0 12.0 78.0 21.0
